8
8
8
8
8
8
8
8
8
8
8
8
8
8
8
8
8
8
8
8
8
8
8
8
8
8
8
8
8
8
8
8
8
8
8
8
8
8
8
8
8
8
8
8
8
8
8
8
8
8
8
8
8
8
8
8
8
8
8
8
8
8
8
8
8
8
8
8
8
8
8
8
8
8
8
8
8
8
8
8
8
8
8
8
8
8
8
8
8
8
8
8
8
8
8
8
8
8
8
8
8
8
8
8
8
8
8
8
8
8
8
8
8
8
8
8
8
8
8
8
8
8
8
8
8
8
8
8
8
8
8
8
8
8
8
8
8
8
8
8
8
8
8
8
7.92255
7.89284
7.87903
7.87152
7.86704
7.86432
7.86283
7.86236
7.86283
7.86432
7.86704
7.87152
7.87903
7.89284
7.92255
8
8
8
8
8
8
8
8
8
8
8
8
8
8
8
8
8
8
8
8
8
8
8
8
8
8
8
8
8
8
8
8
8
8
8
8
8
8
8
8
8
8
8
8
8
8
8
8
8
8
8
8
8
8
8
8
8
8
8
8
8
8
8
8
8
8
8
8
8
8
8
8
8
8
8
8
8
8
8
8
8
7.92294
7.89
7.87097
7.8553
7.83564
7.79737
7.76976
7.75177
7.74002
7.73231
7.7274
7.72466
7.72377
7.72466
7.7274
7.73231
7.74002
7.75177
7.76976
7.79737
7.83564
7.8553
7.87097
7.89
7.92294
8
8
8
8
8
8
8
8
8
8
8
8
8
8
8
8
8
8
8
8
8
8
8
8
8
8
8
8
8
8
8
8
8
8
8
8
8
8
8
8
8
8
8
8
8
8
8
8
8
8
8
8
8
8
8
8
8
8
8
8
8
8
8
8
8
8
8
8
8
8
8
8
8
7.9183
7.87909
7.84789
7.80178
7.7661
7.73858
7.71458
7.68989
7.66153
7.63706
7.61826
7.60449
7.59477
7.58831
7.58462
7.58342
7.58462
7.58831
7.59477
7.60449
7.61826
7.63706
7.66153
7.68989
7.71458
7.73858
7.7661
7.80178
7.84789
7.87909
7.9183
8
8
8
8
8
8
8
8
8
8
8
8
8
8
8
8
8
8
8
8
8
8
8
8
8
8
8
8
8
8
8
8
8
8
8
8
8
8
8
8
8
8
8
8
8
8
8
8
8
8
8
8
8
8
8
8
8
8
8
8
8
8
8
8
8
8
8
7.92137
7.88069
7.84613
7.79411
7.75016
7.71069
7.67018
7.63402
7.60268
7.57454
7.54781
7.5218
7.49871
7.47972
7.46492
7.45397
7.44646
7.44209
7.44066
7.44209
7.44646
7.45397
7.46492
7.47972
7.49871
7.5218
7.54781
7.57454
7.60268
7.63402
7.67018
7.71069
7.75016
7.79411
7.84613
7.88069
7.92137
8
8
8
8
8
8
8
8
8
8
8
8
8
8
8
8
8
8
8
8
8
8
8
8
8
8
8
8
8
8
8
8
8
8
8
8
8
8
8
8
8
8
8
8
8
8
8
8
8
8
8
8
8
8
8
8
8
8
8
8
8
8
7.91456
7.86384
7.80481
7.75524
7.70973
7.66187
7.61674
7.57453
7.53423
7.49713
7.46359
7.4331
7.405
7.37914
7.35626
7.33698
7.32149
7.30972
7.30149
7.29663
7.29502
7.29663
7.30149
7.30972
7.32149
7.33698
7.35626
7.37914
7.405
7.4331
7.46359
7.49713
7.53423
7.57453
7.61674
7.66187
7.70973
7.75524
7.80481
7.86384
7.91456
8
8
8
8
8
8
8
8
8
8
8
8
8
8
8
8
8
8
8
8
8
8
8
8
8
8
8
8
8
8
8
8
8
8
8
8
8
8
8
8
8
8
8
8
8
8
8
8
8
8
8
8
8
8
8
8
8
8
7.91307
7.85949
7.79438
7.736
7.6788
7.62572
7.57567
7.5269
7.48039
7.43646
7.39508
7.35668
7.32145
7.28927
7.25995
7.2335
7.21022
7.19045
7.17434
7.16192
7.15314
7.14791
7.14617
7.14791
7.15314
7.16192
7.17434
7.19045
7.21022
7.2335
7.25995
7.28927
7.32145
7.35668
7.39508
7.43646
7.48039
7.5269
7.57567
7.62572
7.6788
7.736
7.79438
7.85949
7.91307
8
8
8
8
8
8
8
8
8
8
8
8
8
8
8
8
8
8
8
8
8
8
8
8
8
8
8
8
8
8
8
8
8
8
8
8
8
8
8
8
8
8
8
8
8
8
8
8
8
8
8
8
8
8
7.9147
7.86032
7.7928
7.73049
7.66748
7.60698
7.54865
7.49317
7.44033
7.38969
7.34146
7.29583
7.25296
7.21305
7.17625
7.14258
7.11203
7.08468
7.06068
7.04025
7.0235
7.0105
7.00124
6.9957
6.99386
6.9957
7.00124
7.0105
7.0235
7.04025
7.06068
7.08468
7.11203
7.14258
7.17625
7.21305
7.25296
7.29583
7.34146
7.38969
7.44033
7.49317
7.54865
7.60698
7.66748
7.73049
7.7928
7.86032
7.9147
8
8
8
8
8
8
8
8
8
8
8
8
8
8
8
8
8
8
8
8
8
8
8
8
8
8
8
8
8
8
8
8
8
8
8
8
8
8
8
8
8
8
8
8
8
8
8
8
8
8
7.92167
7.86725
7.79849
7.73379
7.6673
7.6022
7.53807
7.4758
7.41566
7.35798
7.3028
7.25007
7.19991
7.15246
7.10788
7.06632
7.02792
6.99277
6.96093
6.93249
6.90759
6.88637
6.86892
6.85533
6.84562
6.83979
6.83785
6.83979
6.84562
6.85533
6.86892
6.88637
6.90759
6.93249
6.96093
6.99277
7.02792
7.06632
7.10788
7.15246
7.19991
7.25007
7.3028
7.35798
7.41566
7.4758
7.53807
7.6022
7.6673
7.73379
7.79849
7.86725
7.92167
8
8
8
8
8
8
8
8
8
8
8
8
8
8
8
8
8
8
8
8
8
8
8
8
8
8
8
8
8
8
8
8
8
8
8
8
8
8
8
8
8
8
8
8
8
8
8
7.90114
7.81942
7.74883
7.6782
7.60906
7.54042
7.47294
7.40681
7.34247
7.28021
7.22028
7.16281
7.10789
7.05565
7.00622
6.95977
6.91643
6.87635
6.83965
6.80641
6.77676
6.75082
6.7287
6.7105
6.69629
6.68611
6.68
6.67796
6.68
6.68611
6.69629
6.7105
6.7287
6.75082
6.77676
6.80641
6.83965
6.87635
6.91643
6.95977
7.00622
7.05565
7.10789
7.16281
7.22028
7.28021
7.34247
7.40681
7.47294
7.54042
7.60906
7.6782
7.74883
7.81942
7.90114
8
8
8
8
8
8
8
8
8
8
8
8
8
8
8
8
8
8
8
8
8
8
8
8
8
8
8
8
8
8
8
8
8
8
8
8
8
8
8
8
8
8
8
8
7.92239
7.86415
7.78515
7.70604
7.63044
7.55643
7.48383
7.41239
7.3423
7.27377
7.20706
7.14244
7.08012
7.02027
6.96303
6.90856
6.85701
6.80854
6.76329
6.72141
6.68305
6.64831
6.61733
6.59023
6.56711
6.54807
6.5332
6.52254
6.51613
6.514
6.51613
6.52254
6.5332
6.54807
6.56711
6.59023
6.61733
6.64831
6.68305
6.72141
6.76329
6.80854
6.85701
6.90856
6.96303
7.02027
7.08012
7.14244
7.20706
7.27377
7.3423
7.41239
7.48383
7.55643
7.63044
7.70604
7.78515
7.86415
7.92239
8
8
8
8
8
8
8
8
8
8
8
8
8
8
8
8
8
8
8
8
8
8
8
8
8
8
8
8
8
8
8
8
8
8
8
8
8
8
8
8
8
7.90873
7.82543
7.74905
7.66928
7.58916
7.51048
7.43325
7.35743
7.28302
7.21012
7.1389
7.06957
7.00237
6.93748
6.87511
6.81541
6.75856
6.70473
6.65408
6.60677
6.56297
6.52282
6.48646
6.45403
6.42565
6.40144
6.38149
6.3659
6.35472
6.348
6.34575
6.348
6.35472
6.3659
6.38149
6.40144
6.42565
6.45403
6.48646
6.52282
6.56297
6.60677
6.65408
6.70473
6.75856
6.81541
6.87511
6.93748
7.00237
7.06957
7.1389
7.21012
7.28302
7.35743
7.43325
7.51048
7.58916
7.66928
7.74905
7.82543
7.90873
8
8
8
8
8
8
8
8
8
8
8
8
8
8
8
8
8
8
8
8
8
8
8
8
8
8
8
8
8
8
8
8
8
8
8
8
8
8
8
7.90239
7.8095
7.72153
7.63734
7.55376
7.47083
7.38906
7.30864
7.22964
7.15214
7.07624
7.00212
6.92997
6.85997
6.79234
6.72727
6.66494
6.60555
6.54926
6.49627
6.44675
6.40087
6.35879
6.32068
6.28667
6.2569
6.2315
6.21056
6.19419
6.18245
6.17538
6.17302
6.17538
6.18245
6.19419
6.21056
6.2315
6.2569
6.28667
6.32068
6.35879
6.40087
6.44675
6.49627
6.54926
6.60555
6.66494
6.72727
6.79234
6.85997
6.92997
7.00212
7.07624
7.15214
7.22964
7.30864
7.38906
7.47083
7.55376
7.63734
7.72153
7.8095
7.90239
8
8
8
8
8
8
8
8
8
8
8
8
8
8
8
8
8
8
8
8
8
8
8
8
8
8
8
8
8
8
8
8
8
8
8
8
8
7.89824
7.80007
7.70534
7.61388
7.52501
7.43759
7.35133
7.2663
7.18261
7.10035
7.01964
6.9406
6.86339
6.7882
6.71522
6.64465
6.57669
6.51155
6.44942
6.3905
6.335
6.28309
6.23497
6.19081
6.15079
6.11507
6.08379
6.05708
6.03507
6.01785
6.00549
5.99806
5.99558
5.99806
6.00549
6.01785
6.03507
6.05708
6.08379
6.11507
6.15079
6.19081
6.23497
6.28309
6.335
6.3905
6.44942
6.51155
6.57669
6.64465
6.71522
6.7882
6.86339
6.9406
7.01964
7.10035
7.18261
7.2663
7.35133
7.43759
7.52501
7.61388
7.70534
7.80007
7.89824
8
8
8
8
8
8
8
8
8
8
8
8
8
8
8
8
8
8
8
8
8
8
8
8
8
8
8
8
8
8
8
8
8
8
8
7.8939
7.79288
7.69431
7.59791
7.50363
7.41122
7.32027
7.2306
7.1422
7.05514
6.96953
6.88547
6.80312
6.72264
6.64422
6.56805
6.49433
6.42329
6.35514
6.29008
6.22834
6.17012
6.11564
6.0651
6.01869
5.97661
5.93902
5.9061
5.87798
5.85479
5.83664
5.82362
5.81578
5.81317
5.81578
5.82362
5.83664
5.85479
5.87798
5.9061
5.93902
5.97661
6.01869
6.0651
6.11564
6.17012
6.22834
6.29008
6.35514
6.42329
6.49433
6.56805
6.64422
6.72264
6.80312
6.88547
6.96953
7.05514
7.1422
7.2306
7.32027
7.41122
7.50363
7.59791
7.69431
7.79288
7.8939
8
8
8
8
8
8
8
8
8
8
8
8
8
8
8
8
8
8
8
8
8
8
8
8
8
8
8
8
8
8
8
8
7.93695
7.8739
7.78271
7.68506
7.58639
7.48835
7.39151
7.29597
7.20168
7.1086
7.01676
6.92624
6.83714
6.7496
6.66378
6.57984
6.49798
6.41841
6.34135
6.26701
6.19562
6.12742
6.06264
6.00151
5.94425
5.89109
5.84225
5.79793
5.75832
5.7236
5.69394
5.66947
5.65032
5.63656
5.62828
5.62552
5.62828
5.63656
5.65032
5.66947
5.69394
5.7236
5.75832
5.79793
5.84225
5.89109
5.94425
6.00151
6.06264
6.12742
6.19562
6.26701
6.34135
6.41841
6.49798
6.57984
6.66378
6.7496
6.83714
6.92624
7.01676
7.1086
7.20168
7.29597
7.39151
7.48835
7.58639
7.68506
7.78271
7.8739
7.93695
8
8
8
8
8
8
8
8
8
8
8
8
8
8
8
8
8
8
8
8
8
8
8
8
8
8
8
8
8
8
7.8739
7.77595
7.678
7.57826
7.47783
7.37761
7.27808
7.17947
7.08187
6.98536
6.89
6.7959
6.70319
6.61201
6.52254
6.43496
6.34946
6.26628
6.18564
6.10777
6.03293
5.96135
5.8933
5.82902
5.76876
5.71277
5.66129
5.61453
5.57272
5.53606
5.50471
5.47884
5.45858
5.44403
5.43527
5.43235
5.43527
5.44403
5.45858
5.47884
5.50471
5.53606
5.57272
5.61453
5.66129
5.71277
5.76876
5.82902
5.8933
5.96135
6.03293
6.10777
6.18564
6.26628
6.34946
6.43496
6.52254
6.61201
6.70319
6.7959
6.89
6.98536
7.08187
7.17947
7.27808
7.37761
7.47783
7.57826
7.678
7.77595
7.8739
8
8
8
8
8
8
8
8
8
8
8
8
8
8
8
8
8
8
8
8
8
8
8
8
8
8
8
8
8
7.8939
7.78271
7.678
7.57507
7.47214
7.36907
7.26617
7.16373
7.06195
6.96099
6.86096
6.76198
6.66418
6.56771
6.47272
6.37941
6.28798
6.19863
6.11161
6.02715
5.94552
5.86696
5.79176
5.72019
5.65251
5.58901
5.52995
5.47559
5.42619
5.38199
5.34319
5.31
5.2826
5.26113
5.24571
5.23642
5.23332
5.23642
5.24571
5.26113
5.2826
5.31
5.34319
5.38199
5.42619
5.47559
5.52995
5.58901
5.65251
5.72019
5.79176
5.86696
5.94552
6.02715
6.11161
6.19863
6.28798
6.37941
6.47272
6.56771
6.66418
6.76198
6.86096
6.96099
7.06195
7.16373
7.26617
7.36907
7.47214
7.57507
7.678
7.78271
7.8939
8
8
8
8
8
8
8
8
8
8
8
8
8
8
8
8
8
8
8
8
8
8
8
8
8
8
8
7.89824
7.79288
7.68506
7.57826
7.47214
7.36615
7.26016
7.15428
7.04871
6.94362
6.83918
6.73552
6.63279
6.53114
6.43073
6.33176
6.23442
6.13891
6.04548
5.95437
5.86585
5.78017
5.69764
5.61854
5.54317
5.47183
5.40481
5.34242
5.28494
5.23266
5.18584
5.14471
5.10951
5.08043
5.05764
5.04126
5.03139
5.0281
5.03139
5.04126
5.05764
5.08043
5.10951
5.14471
5.18584
5.23266
5.28494
5.34242
5.40481
5.47183
5.54317
5.61854
5.69764
5.78017
5.86585
5.95437
6.04548
6.13891
6.23442
6.33176
6.43073
6.53114
6.63279
6.73552
6.83918
6.94362
7.04871
7.15428
7.26016
7.36615
7.47214
7.57826
7.68506
7.79288
7.89824
8
8
8
8
8
8
8
8
8
8
8
8
8
8
8
8
8
8
8
8
8
8
8
8
8
7.90239
7.80007
7.69431
7.58639
7.47783
7.36907
7.26016
7.15112
7.04209
6.93321
6.82465
6.71658
6.60914
6.50251
6.39684
6.29233
6.18917
6.08757
5.98777
5.89001
5.79455
5.70168
5.61169
5.52489
5.4416
5.36213
5.28681
5.21599
5.14998
5.0891
5.03367
4.98398
4.94031
4.9029
4.87198
4.84772
4.83029
4.81979
4.81628
4.81979
4.83029
4.84772
4.87198
4.9029
4.94031
4.98398
5.03367
5.0891
5.14998
5.21599
5.28681
5.36213
5.4416
5.52489
5.61169
5.70168
5.79455
5.89001
5.98777
6.08757
6.18917
6.29233
6.39684
6.50251
6.60914
6.71658
6.82465
6.93321
7.04209
7.15112
7.26016
7.36907
7.47783
7.58639
7.69431
7.80007
7.90239
8
8
8
8
8
8
8
8
8
8
8
8
8
8
8
8
8
8
8
8
8
8
8
7.90873
7.8095
7.70534
7.59791
7.48835
7.37761
7.26617
7.15428
7.04209
6.92974
6.81739
6.7052
6.59334
6.48196
6.37126
6.2614
6.15258
6.04502
5.93894
5.83459
5.73223
5.63214
5.53464
5.44003
5.34864
5.26082
5.17693
5.09731
5.02235
4.9524
4.88781
4.82894
4.77612
4.72964
4.6898
4.65685
4.63099
4.61239
4.60119
4.59744
4.60119
4.61239
4.63099
4.65685
4.6898
4.72964
4.77612
4.82894
4.88781
4.9524
5.02235
5.09731
5.17693
5.26082
5.34864
5.44003
5.53464
5.63214
5.73223
5.83459
5.93894
6.04502
6.15258
6.2614
6.37126
6.48196
6.59334
6.7052
6.81739
6.92974
7.04209
7.15428
7.26617
7.37761
7.48835
7.59791
7.70534
7.8095
7.90873
8
8
8
8
8
8
8
8
8
8
8
8
8
8
8
8
8
8
8
8
8
7.92239
7.82543
7.72153
7.61388
7.50363
7.39151
7.27808
7.16373
7.04871
6.93321
6.81739
6.7014
6.58542
6.4696
6.35412
6.23916
6.12491
6.01158
5.89938
5.78857
5.67941
5.57217
5.46716
5.3647
5.26513
5.16882
5.07612
4.98744
4.90317
4.8237
4.74945
4.68081
4.61817
4.5619
4.51234
4.46982
4.43463
4.40699
4.38711
4.37512
4.37112
4.37512
4.38711
4.40699
4.43463
4.46982
4.51234
4.5619
4.61817
4.68081
4.74945
4.8237
4.90317
4.98744
5.07612
5.16882
5.26513
5.3647
5.46716
5.57217
5.67941
5.78857
5.89938
6.01158
6.12491
6.23916
6.35412
6.4696
6.58542
6.7014
6.81739
6.93321
7.04871
7.16373
7.27808
7.39151
7.50363
7.61388
7.72153
7.82543
7.92239
8
8
8
8
8
8
8
8
8
8
8
8
8
8
8
8
8
8
8
8
7.86415
7.74905
7.63734
7.52501
7.41122
7.29597
7.17947
7.06195
6.94362
6.82465
6.7052
6.58542
6.46548
6.34553
6.22576
6.10635
5.9875
5.86943
5.75236
5.63656
5.52231
5.40989
5.29963
5.19187
5.08699
4.98537
4.88742
4.79355
4.70421
4.61984
4.54089
4.46781
4.40102
4.34096
4.288
4.24253
4.20485
4.17524
4.15393
4.14108
4.13678
4.14108
4.15393
4.17524
4.20485
4.24253
4.288
4.34096
4.40102
4.46781
4.54089
4.61984
4.70421
4.79355
4.88742
4.98537
5.08699
5.19187
5.29963
5.40989
5.52231
5.63656
5.75236
5.86943
5.9875
6.10635
6.22576
6.34553
6.46548
6.58542
6.7052
6.82465
6.94362
7.06195
7.17947
7.29597
7.41122
7.52501
7.63734
7.74905
7.86415
8
8
8
8
8
8
8
8
8
8
8
8
8
8
8
8
8
8
8
7.90114
7.78515
7.66928
7.55376
7.43759
7.32027
7.20168
7.08187
6.96099
6.83918
6.71658
6.59334
6.4696
6.34553
6.22129
6.09704
5.97299
5.84932
5.72627
5.60408
5.48302
5.36336
5.24544
5.12959
5.01617
4.90559
4.79826
4.69462
4.59513
4.50028
4.41056
4.32647
4.24851
4.17716
4.1129
4.05619
4.00743
3.96699
3.93519
3.91229
3.89848
3.89386
3.89848
3.91229
3.93519
3.96699
4.00743
4.05619
4.1129
4.17716
4.24851
4.32647
4.41056
4.50028
4.59513
4.69462
4.79826
4.90559
5.01617
5.12959
5.24544
5.36336
5.48302
5.60408
5.72627
5.84932
5.97299
6.09704
6.22129
6.34553
6.4696
6.59334
6.71658
6.83918
6.96099
7.08187
7.20168
7.32027
7.43759
7.55376
7.66928
7.78515
7.90114
8
8
8
8
8
8
8
8
8
8
8
8
8
8
8
8
8
7.92167
7.81942
7.70604
7.58916
7.47083
7.35133
7.2306
7.1086
6.98536
6.86096
6.73552
6.60914
6.48196
6.35412
6.22576
6.09704
5.96814
5.83923
5.71053
5.58226
5.45467
5.32805
5.20269
5.07892
4.95711
4.83764
4.72094
4.60745
4.49766
4.39208
4.29123
4.19566
4.10592
4.02259
3.9462
3.87731
3.81642
3.76401
3.72049
3.68625
3.66157
3.64668
3.6417
3.64668
3.66157
3.68625
3.72049
3.76401
3.81642
3.87731
3.9462
4.02259
4.10592
4.19566
4.29123
4.39208
4.49766
4.60745
4.72094
4.83764
4.95711
5.07892
5.20269
5.32805
5.45467
5.58226
5.71053
5.83923
5.96814
6.09704
6.22576
6.35412
6.48196
6.60914
6.73552
6.86096
6.98536
7.1086
7.2306
7.35133
7.47083
7.58916
7.70604
7.81942
7.92167
8
8
8
8
8
8
8
8
8
8
8
8
8
8
8
8
7.86725
7.74883
7.63044
7.51048
7.38906
7.2663
7.1422
7.01676
6.89
6.76198
6.63279
6.50251
6.37126
6.23916
6.10635
5.97299
5.83923
5.70526
5.5713
5.43756
5.30431
5.17183
5.04042
4.91045
4.78229
4.65634
4.53307
4.41295
4.29651
4.18429
4.07689
3.97491
3.87898
3.78972
3.70776
3.63372
3.56817
3.51168
3.46473
3.42774
3.40107
3.38496
3.37958
3.38496
3.40107
3.42774
3.46473
3.51168
3.56817
3.63372
3.70776
3.78972
3.87898
3.97491
4.07689
4.18429
4.29651
4.41295
4.53307
4.65634
4.78229
4.91045
5.04042
5.17183
5.30431
5.43756
5.5713
5.70526
5.83923
5.97299
6.10635
6.23916
6.37126
6.50251
6.63279
6.76198
6.89
7.01676
7.1422
7.2663
7.38906
7.51048
7.63044
7.74883
7.86725
8
8
8
8
8
8
8
8
8
8
8
8
8
8
8
7.9147
7.79849
7.6782
7.55643
7.43325
7.30864
7.18261
7.05514
6.92624
6.7959
6.66418
6.53114
6.39684
6.2614
6.12491
5.9875
5.84932
5.71053
5.5713
5.43183
5.29237
5.15317
5.01452
4.87673
4.74017
4.60524
4.47237
4.34204
4.21477
4.09112
3.97169
3.85714
3.74813
3.64536
3.54954
3.46139
3.38162
3.31088
3.24982
3.199
3.15892
3.13
3.11253
3.10668
3.11253
3.13
3.15892
3.199
3.24982
3.31088
3.38162
3.46139
3.54954
3.64536
3.74813
3.85714
3.97169
4.09112
4.21477
4.34204
4.47237
4.60524
4.74017
4.87673
5.01452
5.15317
5.29237
5.43183
5.5713
5.71053
5.84932
5.9875
6.12491
6.2614
6.39684
6.53114
6.66418
6.7959
6.92624
7.05514
7.18261
7.30864
7.43325
7.55643
7.6782
7.79849
7.9147
8
8
8
8
8
8
8
8
8
8
8
8
8
8
7.86032
7.73379
7.60906
7.48383
7.35743
7.22964
7.10035
6.96953
6.83714
6.70319
6.56771
6.43073
6.29233
6.15258
6.01158
5.86943
5.72627
5.58226
5.43756
5.29237
5.14693
5.00149
4.85634
4.71181
4.56827
4.42614
4.28586
4.14795
4.01296
3.8815
3.75423
3.63184
3.5151
3.40478
3.3017
3.20666
3.12048
3.04392
2.97771
2.92252
2.87895
2.84748
2.82846
2.8221
2.82846
2.84748
2.87895
2.92252
2.97771
3.04392
3.12048
3.20666
3.3017
3.40478
3.5151
3.63184
3.75423
3.8815
4.01296
4.14795
4.28586
4.42614
4.56827
4.71181
4.85634
5.00149
5.14693
5.29237
5.43756
5.58226
5.72627
5.86943
6.01158
6.15258
6.29233
6.43073
6.56771
6.70319
6.83714
6.96953
7.10035
7.22964
7.35743
7.48383
7.60906
7.73379
7.86032
8
8
8
8
8
8
8
8
8
8
8
8
8
7.91307
7.7928
7.6673
7.54042
7.41239
7.28302
7.15214
7.01964
6.88547
6.7496
6.61201
6.47272
6.33176
6.18917
6.04502
5.89938
5.75236
5.60408
5.45467
5.30431
5.15317
5.00149
4.84952
4.69754
4.5459
4.39497
4.24517
4.09699
3.95094
3.80763
3.66771
3.53187
3.40091
3.27564
3.15697
3.0458
2.94308
2.84972
2.76661
2.69458
2.63443
2.58687
2.5525
2.53174
2.5248
2.53174
2.5525
2.58687
2.63443
2.69458
2.76661
2.84972
2.94308
3.0458
3.15697
3.27564
3.40091
3.53187
3.66771
3.80763
3.95094
4.09699
4.24517
4.39497
4.5459
4.69754
4.84952
5.00149
5.15317
5.30431
5.45467
5.60408
5.75236
5.89938
6.04502
6.18917
6.33176
6.47272
6.61201
6.7496
6.88547
7.01964
7.15214
7.28302
7.41239
7.54042
7.6673
7.7928
7.91307
8
8
8
8
8
8
8
8
8
8
8
8
7.85949
7.73049
7.6022
7.47294
7.3423
7.21012
7.07624
6.9406
6.80312
6.66378
6.52254
6.37941
6.23442
6.08757
5.93894
5.78857
5.63656
5.48302
5.32805
5.17183
5.01452
4.85634
4.69754
4.53841
4.37928
4.22053
4.06259
3.90597
3.7512
3.59892
3.44981
3.30465
3.16426
3.0296
2.90165
2.78147
2.67013
2.56871
2.47821
2.39958
2.33374
2.28159
2.24393
2.22121
2.21362
2.22121
2.24393
2.28159
2.33374
2.39958
2.47821
2.56871
2.67013
2.78147
2.90165
3.0296
3.16426
3.30465
3.44981
3.59892
3.7512
3.90597
4.06259
4.22053
4.37928
4.53841
4.69754
4.85634
5.01452
5.17183
5.32805
5.48302
5.63656
5.78857
5.93894
6.08757
6.23442
6.37941
6.52254
6.66378
6.80312
6.9406
7.07624
7.21012
7.3423
7.47294
7.6022
7.73049
7.85949
8
8
8
8
8
8
8
8
8
8
8
7.91456
7.79438
7.66748
7.53807
7.40681
7.27377
7.1389
7.00212
6.86339
6.72264
6.57984
6.43496
6.28798
6.13891
5.98777
5.83459
5.67941
5.52231
5.36336
5.20269
5.04042
4.87673
4.71181
4.5459
4.37928
4.21227
4.04527
3.87871
3.71309
3.54898
3.38704
3.22798
3.07263
2.92191
2.77684
2.63855
2.50828
2.38728
2.27678
2.17793
2.09179
2.01936
1.96184
1.9204
1.89554
1.88727
1.89554
1.9204
1.96184
2.01936
2.09179
2.17793
2.27678
2.38728
2.50828
2.63855
2.77684
2.92191
3.07263
3.22798
3.38704
3.54898
3.71309
3.87871
4.04527
4.21227
4.37928
4.5459
4.71181
4.87673
5.04042
5.20269
5.36336
5.52231
5.67941
5.83459
5.98777
6.13891
6.28798
6.43496
6.57984
6.72264
6.86339
7.00212
7.1389
7.27377
7.40681
7.53807
7.66748
7.79438
7.91456
8
8
8
8
8
8
8
8
8
8
7.86384
7.736
7.60698
7.4758
7.34247
7.20706
7.06957
6.92997
6.7882
6.64422
6.49798
6.34946
6.19863
6.04548
5.89001
5.73223
5.57217
5.40989
5.24544
5.07892
4.91045
4.74017
4.56827
4.39497
4.22053
4.04527
3.86958
3.69388
3.51869
3.3446
3.17226
3.00244
2.83599
2.6739
2.51729
2.36745
2.22582
2.09393
1.97321
1.86496
1.77027
1.69007
1.62599
1.5803
1.55328
1.54437
1.55328
1.5803
1.62599
1.69007
1.77027
1.86496
1.97321
2.09393
2.22582
2.36745
2.51729
2.6739
2.83599
3.00244
3.17226
3.3446
3.51869
3.69388
3.86958
4.04527
4.22053
4.39497
4.56827
4.74017
4.91045
5.07892
5.24544
5.40989
5.57217
5.73223
5.89001
6.04548
6.19863
6.34946
6.49798
6.64422
6.7882
6.92997
7.06957
7.20706
7.34247
7.4758
7.60698
7.736
7.86384
8
8
8
8
8
8
8
8
8
7.92137
7.80481
7.6788
7.54865
7.41566
7.28021
7.14244
7.00237
6.85997
6.71522
6.56805
6.41841
6.26628
6.11161
5.95437
5.79455
5.63214
5.46716
5.29963
5.12959
4.95711
4.78229
4.60524
4.42614
4.24517
4.06259
3.87871
3.69388
3.50854
3.32321
3.13846
2.95498
2.77353
2.595
2.42041
2.25097
2.08813
1.93364
1.78939
1.65718
1.53841
1.43427
1.34467
1.27177
1.22152
1.1929
1.18367
1.1929
1.22152
1.27177
1.34467
1.43427
1.53841
1.65718
1.78939
1.93364
2.08813
2.25097
2.42041
2.595
2.77353
2.95498
3.13846
3.32321
3.50854
3.69388
3.87871
4.06259
4.24517
4.42614
4.60524
4.78229
4.95711
5.12959
5.29963
5.46716
5.63214
5.79455
5.95437
6.11161
6.26628
6.41841
6.56805
6.71522
6.85997
7.00237
7.14244
7.28021
7.41566
7.54865
7.6788
7.80481
7.92137
8
8
8
8
8
8
8
8
7.88069
7.75524
7.62572
7.49317
7.35798
7.22028
7.08012
6.93748
6.79234
6.64465
6.49433
6.34135
6.18564
6.02715
5.86585
5.70168
5.53464
5.3647
5.19187
5.01617
4.83764
4.65634
4.47237
4.28586
4.09699
3.90597
3.71309
3.51869
3.32321
3.12713
2.93105
2.73565
2.5417
2.35007
2.16177
1.97804
1.80048
1.63121
1.47281
1.3277
1.19722
1.08374
0.982571
0.894902
0.841094
0.813136
0.804522
0.813136
0.841094
0.894902
0.982571
1.08374
1.19722
1.3277
1.47281
1.63121
1.80048
1.97804
2.16177
2.35007
2.5417
2.73565
2.93105
3.12713
3.32321
3.51869
3.71309
3.90597
4.09699
4.28586
4.47237
4.65634
4.83764
5.01617
5.19187
5.3647
5.53464
5.70168
5.86585
6.02715
6.18564
6.34135
6.49433
6.64465
6.79234
6.93748
7.08012
7.22028
7.35798
7.49317
7.62572
7.75524
7.88069
8
8
8
8
8
8
8
8
7.84613
7.70973
7.57567
7.44033
7.3028
7.16281
7.02027
6.87511
6.72727
6.57669
6.42329
6.26701
6.10777
5.94552
5.78017
5.61169
5.44003
5.26513
5.08699
4.90559
4.72094
4.53307
4.34204
4.14795
3.95094
3.7512
3.54898
3.3446
3.13846
2.93105
2.72296
2.51488
2.30755
2.10181
1.89857
1.69895
1.50454
1.3179
1.14293
0.983598
0.839034
0.720906
0.606965
0.484173
0.434823
0.414026
0.408143
0.414026
0.434823
0.484173
0.606965
0.720906
0.839034
0.983598
1.14293
1.3179
1.50454
1.69895
1.89857
2.10181
2.30755
2.51488
2.72296
2.93105
3.13846
3.3446
3.54898
3.7512
3.95094
4.14795
4.34204
4.53307
4.72094
4.90559
5.08699
5.26513
5.44003
5.61169
5.78017
5.94552
6.10777
6.26701
6.42329
6.57669
6.72727
6.87511
7.02027
7.16281
7.3028
7.44033
7.57567
7.70973
7.84613
8
8
8
8
8
8
8
7.9183
7.79411
7.66187
7.5269
7.38969
7.25007
7.10789
6.96303
6.81541
6.66494
6.51155
6.35514
6.19562
6.03293
5.86696
5.69764
5.52489
5.34864
5.16882
4.98537
4.79826
4.60745
4.41295
4.21477
4.01296
3.80763
3.59892
3.38704
3.17226
2.95498
2.73565
2.51488
2.29335
2.07181
1.85105
1.63175
1.41464
1.20081
0.992935
0.797429
0.624725
0.45441
0.353882
0.240212
0
0
0
0
0
0
-5.14228e-17
0.240212
0.353882
0.45441
0.624725
0.797429
0.992935
1.20081
1.41464
1.63175
1.85105
2.07181
2.29335
2.51488
2.73565
2.95498
3.17226
3.38704
3.59892
3.80763
4.01296
4.21477
4.41295
4.60745
4.79826
4.98537
5.16882
5.34864
5.52489
5.69764
5.86696
6.03293
6.19562
6.35514
6.51155
6.66494
6.81541
6.96303
7.10789
7.25007
7.38969
7.5269
7.66187
7.79411
7.9183
8
8
8
8
8
8
7.87909
7.75016
7.61674
7.48039
7.34146
7.19991
7.05565
6.90856
6.75856
6.60555
6.44942
6.29008
6.12742
5.96135
5.79176
5.61854
5.4416
5.26082
5.07612
4.88742
4.69462
4.49766
4.29651
4.09112
3.8815
3.66771
3.44981
3.22798
3.00244
2.77353
2.5417
2.30755
2.07181
1.83531
1.59881
1.36276
1.12704
0.891143
0.655594
0.429121
0.263461
0
0
0
0
0
0
0
0
0
0
0
0
-2.39697e-16
0.263461
0.429121
0.655594
0.891143
1.12704
1.36276
1.59881
1.83531
2.07181
2.30755
2.5417
2.77353
3.00244
3.22798
3.44981
3.66771
3.8815
4.09112
4.29651
4.49766
4.69462
4.88742
5.07612
5.26082
5.4416
5.61854
5.79176
5.96135
6.12742
6.29008
6.44942
6.60555
6.75856
6.90856
7.05565
7.19991
7.34146
7.48039
7.61674
7.75016
7.87909
8
8
8
8
8
8
7.84789
7.71069
7.57453
7.43646
7.29583
7.15246
7.00622
6.85701
6.70473
6.54926
6.3905
6.22834
6.06264
5.8933
5.72019
5.54317
5.36213
5.17693
4.98744
4.79355
4.59513
4.39208
4.18429
3.97169
3.75423
3.53187
3.30465
3.07263
2.83599
2.595
2.35007
2.10181
1.85105
1.59881
1.34612
1.09342
0.839636
0.581119
0.309178
0
0
0
0
0
0
0
0
0
0
0
0
0
0
0
0
2.02068e-17
0.309178
0.581119
0.839636
1.09342
1.34612
1.59881
1.85105
2.10181
2.35007
2.595
2.83599
3.07263
3.30465
3.53187
3.75423
3.97169
4.18429
4.39208
4.59513
4.79355
4.98744
5.17693
5.36213
5.54317
5.72019
5.8933
6.06264
6.22834
6.3905
6.54926
6.70473
6.85701
7.00622
7.15246
7.29583
7.43646
7.57453
7.71069
7.84789
8
8
8
8
8
7.92294
7.80178
7.67018
7.53423
7.39508
7.25296
7.10788
6.95977
6.80854
6.65408
6.49627
6.335
6.17012
6.00151
5.82902
5.65251
5.47183
5.28681
5.09731
4.90317
4.70421
4.50028
4.29123
4.07689
3.85714
3.63184
3.40091
3.16426
2.92191
2.6739
2.42041
2.16177
1.89857
1.63175
1.36276
1.09342
0.82519
0.556956
0.284519
0
0
0
0
0
0
0
0
0
0
0
0
0
0
0
0
0
0
-3.28598e-17
0.284519
0.556956
0.82519
1.09342
1.36276
1.63175
1.89857
2.16177
2.42041
2.6739
2.92191
3.16426
3.40091
3.63184
3.85714
4.07689
4.29123
4.50028
4.70421
4.90317
5.09731
5.28681
5.47183
5.65251
5.82902
6.00151
6.17012
6.335
6.49627
6.65408
6.80854
6.95977
7.10788
7.25296
7.39508
7.53423
7.67018
7.80178
7.92294
8
8
8
8
7.89
7.7661
7.63402
7.49713
7.35668
7.21305
7.06632
6.91643
6.76329
6.60677
6.44675
6.28309
6.11564
5.94425
5.76876
5.58901
5.40481
5.21599
5.02235
4.8237
4.61984
4.41056
4.19566
3.97491
3.74813
3.5151
3.27564
3.0296
2.77684
2.51729
2.25097
1.97804
1.69895
1.41464
1.12704
0.839636
0.556956
0.278478
0
0
0
0
0
0
0
0
0
0
0
0
0
0
0
0
0
0
0
0
2.81838e-16
0.278478
0.556956
0.839636
1.12704
1.41464
1.69895
1.97804
2.25097
2.51729
2.77684
3.0296
3.27564
3.5151
3.74813
3.97491
4.19566
4.41056
4.61984
4.8237
5.02235
5.21599
5.40481
5.58901
5.76876
5.94425
6.11564
6.28309
6.44675
6.60677
6.76329
6.91643
7.06632
7.21305
7.35668
7.49713
7.63402
7.7661
7.89
8
8
8
8
7.87097
7.73858
7.60268
7.46359
7.32145
7.17625
7.02792
6.87635
6.72141
6.56297
6.40087
6.23497
6.0651
5.89109
5.71277
5.52995
5.34242
5.14998
4.9524
4.74945
4.54089
4.32647
4.10592
3.87898
3.64536
3.40478
3.15697
2.90165
2.63855
2.36745
2.08813
1.80048
1.50454
1.20081
0.891143
0.581119
0.284519
0
0
0
0
0
0
0
0
0
0
0
0
0
0
0
0
0
0
0
0
0
0
2.62957e-16
0.284519
0.581119
0.891143
1.20081
1.50454
1.80048
2.08813
2.36745
2.63855
2.90165
3.15697
3.40478
3.64536
3.87898
4.10592
4.32647
4.54089
4.74945
4.9524
5.14998
5.34242
5.52995
5.71277
5.89109
6.0651
6.23497
6.40087
6.56297
6.72141
6.87635
7.02792
7.17625
7.32145
7.46359
7.60268
7.73858
7.87097
8
8
8
8
7.8553
7.71458
7.57454
7.4331
7.28927
7.14258
6.99277
6.83965
6.68305
6.52282
6.35879
6.19081
6.01869
5.84225
5.66129
5.47559
5.28494
5.0891
4.88781
4.68081
4.46781
4.24851
4.02259
3.78972
3.54954
3.3017
3.0458
2.78147
2.50828
2.22582
1.93364
1.63121
1.3179
0.992935
0.655594
0.309178
0
0
0
0
0
0
0
0
0
0
0
0
0
0
0
0
0
0
0
0
0
0
0
0
-6.37013e-17
0.309178
0.655594
0.992935
1.3179
1.63121
1.93364
2.22582
2.50828
2.78147
3.0458
3.3017
3.54954
3.78972
4.02259
4.24851
4.46781
4.68081
4.88781
5.0891
5.28494
5.47559
5.66129
5.84225
6.01869
6.19081
6.35879
6.52282
6.68305
6.83965
6.99277
7.14258
7.28927
7.4331
7.57454
7.71458
7.8553
8
8
8
8
7.83564
7.68989
7.54781
7.405
7.25995
7.11203
6.96093
6.80641
6.64831
6.48646
6.32068
6.15079
5.97661
5.79793
5.61453
5.42619
5.23266
5.03367
4.82894
4.61817
4.40102
4.17716
3.9462
3.70776
3.46139
3.20666
2.94308
2.67013
2.38728
2.09393
1.78939
1.47281
1.14293
0.797429
0.429121
0
0
0
0
0
0
0
0
0
0
0
0
0
0
0
0
0
0
0
0
0
0
0
0
0
0
1.49879e-16
0.429121
0.797429
1.14293
1.47281
1.78939
2.09393
2.38728
2.67013
2.94308
3.20666
3.46139
3.70776
3.9462
4.17716
4.40102
4.61817
4.82894
5.03367
5.23266
5.42619
5.61453
5.79793
5.97661
6.15079
6.32068
6.48646
6.64831
6.80641
6.96093
7.11203
7.25995
7.405
7.54781
7.68989
7.83564
8
8
8
7.92255
7.79737
7.66153
7.5218
7.37914
7.2335
7.08468
6.93249
6.77676
6.61733
6.45403
6.28667
6.11507
5.93902
5.75832
5.57272
5.38199
5.18584
4.98398
4.77612
4.5619
4.34096
4.1129
3.87731
3.63372
3.38162
3.12048
2.84972
2.56871
2.27678
1.97321
1.65718
1.3277
0.983598
0.624725
0.263461
0
0
0
0
0
0
0
0
0
0
0
0
0
0
0
0
0
0
0
0
0
0
0
0
0
0
0
0.263461
0.624725
0.983598
1.3277
1.65718
1.97321
2.27678
2.56871
2.84972
3.12048
3.38162
3.63372
3.87731
4.1129
4.34096
4.5619
4.77612
4.98398
5.18584
5.38199
5.57272
5.75832
5.93902
6.11507
6.28667
6.45403
6.61733
6.77676
6.93249
7.08468
7.2335
7.37914
7.5218
7.66153
7.79737
7.92255
8
8
7.89284
7.76976
7.63706
7.49871
7.35626
7.21022
7.06068
6.90759
6.75082
6.59023
6.42565
6.2569
6.08379
5.9061
5.7236
5.53606
5.34319
5.14471
4.94031
4.72964
4.51234
4.288
4.05619
3.81642
3.56817
3.31088
3.04392
2.76661
2.47821
2.17793
1.86496
1.53841
1.19722
0.839034
0.45441
0
0
0
0
0
0
0
0
0
0
0
0
0
0
0
0
0
0
0
0
0
0
0
0
0
0
0
0
3.01012e-16
0.45441
0.839034
1.19722
1.53841
1.86496
2.17793
2.47821
2.76661
3.04392
3.31088
3.56817
3.81642
4.05619
4.288
4.51234
4.72964
4.94031
5.14471
5.34319
5.53606
5.7236
5.9061
6.08379
6.2569
6.42565
6.59023
6.75082
6.90759
7.06068
7.21022
7.35626
7.49871
7.63706
7.76976
7.89284
8
8
7.87903
7.75177
7.61826
7.47972
7.33698
7.19045
7.04025
6.88637
6.7287
6.56711
6.40144
6.2315
6.05708
5.87798
5.69394
5.50471
5.31
5.10951
4.9029
4.6898
4.46982
4.24253
4.00743
3.76401
3.51168
3.24982
2.97771
2.69458
2.39958
2.09179
1.77027
1.43427
1.08374
0.720906
0.353882
0
0
0
0
0
0
0
0
0
0
0
0
0
0
0
0
0
0
0
0
0
0
0
0
0
0
0
0
0
0.353882
0.720906
1.08374
1.43427
1.77027
2.09179
2.39958
2.69458
2.97771
3.24982
3.51168
3.76401
4.00743
4.24253
4.46982
4.6898
4.9029
5.10951
5.31
5.50471
5.69394
5.87798
6.05708
6.2315
6.40144
6.56711
6.7287
6.88637
7.04025
7.19045
7.33698
7.47972
7.61826
7.75177
7.87903
8
8
7.87152
7.74002
7.60449
7.46492
7.32149
7.17434
7.0235
6.86892
6.7105
6.54807
6.38149
6.21056
6.03507
5.85479
5.66947
5.47884
5.2826
5.08043
4.87198
4.65685
4.43463
4.20485
3.96699
3.72049
3.46473
3.199
2.92252
2.63443
2.33374
2.01936
1.69007
1.34467
0.982571
0.606965
0.240212
0
0
0
0
0
0
0
0
0
0
0
0
0
0
0
0
0
0
0
0
0
0
0
0
0
0
0
0
0
0.240212
0.606965
0.982571
1.34467
1.69007
2.01936
2.33374
2.63443
2.92252
3.199
3.46473
3.72049
3.96699
4.20485
4.43463
4.65685
4.87198
5.08043
5.2826
5.47884
5.66947
5.85479
6.03507
6.21056
6.38149
6.54807
6.7105
6.86892
7.0235
7.17434
7.32149
7.46492
7.60449
7.74002
7.87152
8
8
7.86704
7.73231
7.59477
7.45397
7.30972
7.16192
7.0105
6.85533
6.69629
6.5332
6.3659
6.19419
6.01785
5.83664
5.65032
5.45858
5.26113
5.05764
4.84772
4.63099
4.40699
4.17524
3.93519
3.68625
3.42774
3.15892
2.87895
2.58687
2.28159
1.96184
1.62599
1.27177
0.894902
0.484173
0
0
0
0
0
0
0
0
0
0
0
0
0
0
0
0
0
0
0
0
0
0
0
0
0
0
0
0
0
0
-0
0.484173
0.894902
1.27177
1.62599
1.96184
2.28159
2.58687
2.87895
3.15892
3.42774
3.68625
3.93519
4.17524
4.40699
4.63099
4.84772
5.05764
5.26113
5.45858
5.65032
5.83664
6.01785
6.19419
6.3659
6.5332
6.69629
6.85533
7.0105
7.16192
7.30972
7.45397
7.59477
7.73231
7.86704
8
8
7.86432
7.7274
7.58831
7.44646
7.30149
7.15314
7.00124
6.84562
6.68611
6.52254
6.35472
6.18245
6.00549
5.82362
5.63656
5.44403
5.24571
5.04126
4.83029
4.61239
4.38711
4.15393
3.91229
3.66157
3.40107
3.13
2.84748
2.5525
2.24393
1.9204
1.5803
1.22152
0.841094
0.434823
0
0
0
0
0
0
0
0
0
0
0
0
0
0
0
0
0
0
0
0
0
0
0
0
0
0
0
0
0
0
0
0.434823
0.841094
1.22152
1.5803
1.9204
2.24393
2.5525
2.84748
3.13
3.40107
3.66157
3.91229
4.15393
4.38711
4.61239
4.83029
5.04126
5.24571
5.44403
5.63656
5.82362
6.00549
6.18245
6.35472
6.52254
6.68611
6.84562
7.00124
7.15314
7.30149
7.44646
7.58831
7.7274
7.86432
8
8
7.86283
7.72466
7.58462
7.44209
7.29663
7.14791
6.9957
6.83979
6.68
6.51613
6.348
6.17538
5.99806
5.81578
5.62828
5.43527
5.23642
5.03139
4.81979
4.60119
4.37512
4.14108
3.89848
3.64668
3.38496
3.11253
2.82846
2.53174
2.22121
1.89554
1.55328
1.1929
0.813136
0.414026
0
0
0
0
0
0
0
0
0
0
0
0
0
0
0
0
0
0
0
0
0
0
0
0
0
0
0
0
0
0
0
0.414026
0.813136
1.1929
1.55328
1.89554
2.22121
2.53174
2.82846
3.11253
3.38496
3.64668
3.89848
4.14108
4.37512
4.60119
4.81979
5.03139
5.23642
5.43527
5.62828
5.81578
5.99806
6.17538
6.348
6.51613
6.68
6.83979
6.9957
7.14791
7.29663
7.44209
7.58462
7.72466
7.86283
8
8
7.86236
7.72377
7.58342
7.44066
7.29502
7.14617
6.99386
6.83785
6.67796
6.514
6.34575
6.17302
5.99558
5.81317
5.62552
5.43235
5.23332
5.0281
4.81628
4.59744
4.37112
4.13678
3.89386
3.6417
3.37958
3.10668
2.8221
2.5248
2.21362
1.88727
1.54437
1.18367
0.804522
0.408143
0
0
0
0
0
0
0
0
0
0
0
0
0
0
0
0
0
0
0
0
0
0
0
0
0
0
0
0
0
0
0
0.408143
0.804522
1.18367
1.54437
1.88727
2.21362
2.5248
2.8221
3.10668
3.37958
3.6417
3.89386
4.13678
4.37112
4.59744
4.81628
5.0281
5.23332
5.43235
5.62552
5.81317
5.99558
6.17302
6.34575
6.514
6.67796
6.83785
6.99386
7.14617
7.29502
7.44066
7.58342
7.72377
7.86236
8
8
7.86283
7.72466
7.58462
7.44209
7.29663
7.14791
6.9957
6.83979
6.68
6.51613
6.348
6.17538
5.99806
5.81578
5.62828
5.43527
5.23642
5.03139
4.81979
4.60119
4.37512
4.14108
3.89848
3.64668
3.38496
3.11253
2.82846
2.53174
2.22121
1.89554
1.55328
1.1929
0.813136
0.414026
0
0
0
0
0
0
0
0
0
0
0
0
0
0
0
0
0
0
0
0
0
0
0
0
0
0
0
0
0
0
0
0.414026
0.813136
1.1929
1.55328
1.89554
2.22121
2.53174
2.82846
3.11253
3.38496
3.64668
3.89848
4.14108
4.37512
4.60119
4.81979
5.03139
5.23642
5.43527
5.62828
5.81578
5.99806
6.17538
6.348
6.51613
6.68
6.83979
6.9957
7.14791
7.29663
7.44209
7.58462
7.72466
7.86283
8
8
7.86432
7.7274
7.58831
7.44646
7.30149
7.15314
7.00124
6.84562
6.68611
6.52254
6.35472
6.18245
6.00549
5.82362
5.63656
5.44403
5.24571
5.04126
4.83029
4.61239
4.38711
4.15393
3.91229
3.66157
3.40107
3.13
2.84748
2.5525
2.24393
1.9204
1.5803
1.22152
0.841094
0.434823
0
0
0
0
0
0
0
0
0
0
0
0
0
0
0
0
0
0
0
0
0
0
0
0
0
0
0
0
0
0
0
0.434823
0.841094
1.22152
1.5803
1.9204
2.24393
2.5525
2.84748
3.13
3.40107
3.66157
3.91229
4.15393
4.38711
4.61239
4.83029
5.04126
5.24571
5.44403
5.63656
5.82362
6.00549
6.18245
6.35472
6.52254
6.68611
6.84562
7.00124
7.15314
7.30149
7.44646
7.58831
7.7274
7.86432
8
8
7.86704
7.73231
7.59477
7.45397
7.30972
7.16192
7.0105
6.85533
6.69629
6.5332
6.3659
6.19419
6.01785
5.83664
5.65032
5.45858
5.26113
5.05764
4.84772
4.63099
4.40699
4.17524
3.93519
3.68625
3.42774
3.15892
2.87895
2.58687
2.28159
1.96184
1.62599
1.27177
0.894902
0.484173
0
0
0
0
0
0
0
0
0
0
0
0
0
0
0
0
0
0
0
0
0
0
0
0
0
0
0
0
0
0
0
0.484173
0.894902
1.27177
1.62599
1.96184
2.28159
2.58687
2.87895
3.15892
3.42774
3.68625
3.93519
4.17524
4.40699
4.63099
4.84772
5.05764
5.26113
5.45858
5.65032
5.83664
6.01785
6.19419
6.3659
6.5332
6.69629
6.85533
7.0105
7.16192
7.30972
7.45397
7.59477
7.73231
7.86704
8
8
7.87152
7.74002
7.60449
7.46492
7.32149
7.17434
7.0235
6.86892
6.7105
6.54807
6.38149
6.21056
6.03507
5.85479
5.66947
5.47884
5.2826
5.08043
4.87198
4.65685
4.43463
4.20485
3.96699
3.72049
3.46473
3.199
2.92252
2.63443
2.33374
2.01936
1.69007
1.34467
0.982571
0.606965
0.240212
0
0
0
0
0
0
0
0
0
0
0
0
0
0
0
0
0
0
0
0
0
0
0
0
0
0
0
0
0
0.240212
0.606965
0.982571
1.34467
1.69007
2.01936
2.33374
2.63443
2.92252
3.199
3.46473
3.72049
3.96699
4.20485
4.43463
4.65685
4.87198
5.08043
5.2826
5.47884
5.66947
5.85479
6.03507
6.21056
6.38149
6.54807
6.7105
6.86892
7.0235
7.17434
7.32149
7.46492
7.60449
7.74002
7.87152
8
8
7.87903
7.75177
7.61826
7.47972
7.33698
7.19045
7.04025
6.88637
6.7287
6.56711
6.40144
6.2315
6.05708
5.87798
5.69394
5.50471
5.31
5.10951
4.9029
4.6898
4.46982
4.24253
4.00743
3.76401
3.51168
3.24982
2.97771
2.69458
2.39958
2.09179
1.77027
1.43427
1.08374
0.720906
0.353882
0
0
0
0
0
0
0
0
0
0
0
0
0
0
0
0
0
0
0
0
0
0
0
0
0
0
0
0
0
0.353882
0.720906
1.08374
1.43427
1.77027
2.09179
2.39958
2.69458
2.97771
3.24982
3.51168
3.76401
4.00743
4.24253
4.46982
4.6898
4.9029
5.10951
5.31
5.50471
5.69394
5.87798
6.05708
6.2315
6.40144
6.56711
6.7287
6.88637
7.04025
7.19045
7.33698
7.47972
7.61826
7.75177
7.87903
8
8
7.89284
7.76976
7.63706
7.49871
7.35626
7.21022
7.06068
6.90759
6.75082
6.59023
6.42565
6.2569
6.08379
5.9061
5.7236
5.53606
5.34319
5.14471
4.94031
4.72964
4.51234
4.288
4.05619
3.81642
3.56817
3.31088
3.04392
2.76661
2.47821
2.17793
1.86496
1.53841
1.19722
0.839034
0.45441
0
0
0
0
0
0
0
0
0
0
0
0
0
0
0
0
0
0
0
0
0
0
0
0
0
0
0
0
0
0.45441
0.839034
1.19722
1.53841
1.86496
2.17793
2.47821
2.76661
3.04392
3.31088
3.56817
3.81642
4.05619
4.288
4.51234
4.72964
4.94031
5.14471
5.34319
5.53606
5.7236
5.9061
6.08379
6.2569
6.42565
6.59023
6.75082
6.90759
7.06068
7.21022
7.35626
7.49871
7.63706
7.76976
7.89284
8
8
7.92255
7.79737
7.66153
7.5218
7.37914
7.2335
7.08468
6.93249
6.77676
6.61733
6.45403
6.28667
6.11507
5.93902
5.75832
5.57272
5.38199
5.18584
4.98398
4.77612
4.5619
4.34096
4.1129
3.87731
3.63372
3.38162
3.12048
2.84972
2.56871
2.27678
1.97321
1.65718
1.3277
0.983598
0.624725
0.263461
0
0
0
0
0
0
0
0
0
0
0
0
0
0
0
0
0
0
0
0
0
0
0
0
0
0
0
0.263461
0.624725
0.983598
1.3277
1.65718
1.97321
2.27678
2.56871
2.84972
3.12048
3.38162
3.63372
3.87731
4.1129
4.34096
4.5619
4.77612
4.98398
5.18584
5.38199
5.57272
5.75832
5.93902
6.11507
6.28667
6.45403
6.61733
6.77676
6.93249
7.08468
7.2335
7.37914
7.5218
7.66153
7.79737
7.92255
8
8
8
7.83564
7.68989
7.54781
7.405
7.25995
7.11203
6.96093
6.80641
6.64831
6.48646
6.32068
6.15079
5.97661
5.79793
5.61453
5.42619
5.23266
5.03367
4.82894
4.61817
4.40102
4.17716
3.9462
3.70776
3.46139
3.20666
2.94308
2.67013
2.38728
2.09393
1.78939
1.47281
1.14293
0.797429
0.429121
0
0
0
0
0
0
0
0
0
0
0
0
0
0
0
0
0
0
0
0
0
0
0
0
0
0
0
0.429121
0.797429
1.14293
1.47281
1.78939
2.09393
2.38728
2.67013
2.94308
3.20666
3.46139
3.70776
3.9462
4.17716
4.40102
4.61817
4.82894
5.03367
5.23266
5.42619
5.61453
5.79793
5.97661
6.15079
6.32068
6.48646
6.64831
6.80641
6.96093
7.11203
7.25995
7.405
7.54781
7.68989
7.83564
8
8
8
8
7.8553
7.71458
7.57454
7.4331
7.28927
7.14258
6.99277
6.83965
6.68305
6.52282
6.35879
6.19081
6.01869
5.84225
5.66129
5.47559
5.28494
5.0891
4.88781
4.68081
4.46781
4.24851
4.02259
3.78972
3.54954
3.3017
3.0458
2.78147
2.50828
2.22582
1.93364
1.63121
1.3179
0.992935
0.655594
0.309178
0
0
0
0
0
0
0
0
0
0
0
0
0
0
0
0
0
0
0
0
0
0
0
0
0
0.309178
0.655594
0.992935
1.3179
1.63121
1.93364
2.22582
2.50828
2.78147
3.0458
3.3017
3.54954
3.78972
4.02259
4.24851
4.46781
4.68081
4.88781
5.0891
5.28494
5.47559
5.66129
5.84225
6.01869
6.19081
6.35879
6.52282
6.68305
6.83965
6.99277
7.14258
7.28927
7.4331
7.57454
7.71458
7.8553
8
8
8
8
7.87097
7.73858
7.60268
7.46359
7.32145
7.17625
7.02792
6.87635
6.72141
6.56297
6.40087
6.23497
6.0651
5.89109
5.71277
5.52995
5.34242
5.14998
4.9524
4.74945
4.54089
4.32647
4.10592
3.87898
3.64536
3.40478
3.15697
2.90165
2.63855
2.36745
2.08813
1.80048
1.50454
1.20081
0.891143
0.581119
0.284519
0
0
0
0
0
0
0
0
0
0
0
0
0
0
0
0
0
0
0
0
0
0
0
0.284519
0.581119
0.891143
1.20081
1.50454
1.80048
2.08813
2.36745
2.63855
2.90165
3.15697
3.40478
3.64536
3.87898
4.10592
4.32647
4.54089
4.74945
4.9524
5.14998
5.34242
5.52995
5.71277
5.89109
6.0651
6.23497
6.40087
6.56297
6.72141
6.87635
7.02792
7.17625
7.32145
7.46359
7.60268
7.73858
7.87097
8
8
8
8
7.89
7.7661
7.63402
7.49713
7.35668
7.21305
7.06632
6.91643
6.76329
6.60677
6.44675
6.28309
6.11564
5.94425
5.76876
5.58901
5.40481
5.21599
5.02235
4.8237
4.61984
4.41056
4.19566
3.97491
3.74813
3.5151
3.27564
3.0296
2.77684
2.51729
2.25097
1.97804
1.69895
1.41464
1.12704
0.839636
0.556956
0.278478
0
0
0
0
0
0
0
0
0
0
0
0
0
0
0
0
0
0
0
0
0
0.278478
0.556956
0.839636
1.12704
1.41464
1.69895
1.97804
2.25097
2.51729
2.77684
3.0296
3.27564
3.5151
3.74813
3.97491
4.19566
4.41056
4.61984
4.8237
5.02235
5.21599
5.40481
5.58901
5.76876
5.94425
6.11564
6.28309
6.44675
6.60677
6.76329
6.91643
7.06632
7.21305
7.35668
7.49713
7.63402
7.7661
7.89
8
8
8
8
7.92294
7.80178
7.67018
7.53423
7.39508
7.25296
7.10788
6.95977
6.80854
6.65408
6.49627
6.335
6.17012
6.00151
5.82902
5.65251
5.47183
5.28681
5.09731
4.90317
4.70421
4.50028
4.29123
4.07689
3.85714
3.63184
3.40091
3.16426
2.92191
2.6739
2.42041
2.16177
1.89857
1.63175
1.36276
1.09342
0.82519
0.556956
0.284519
0
0
0
0
0
0
0
0
0
0
0
0
0
0
0
0
0
0
0
0.284519
0.556956
0.82519
1.09342
1.36276
1.63175
1.89857
2.16177
2.42041
2.6739
2.92191
3.16426
3.40091
3.63184
3.85714
4.07689
4.29123
4.50028
4.70421
4.90317
5.09731
5.28681
5.47183
5.65251
5.82902
6.00151
6.17012
6.335
6.49627
6.65408
6.80854
6.95977
7.10788
7.25296
7.39508
7.53423
7.67018
7.80178
7.92294
8
8
8
8
8
7.84789
7.71069
7.57453
7.43646
7.29583
7.15246
7.00622
6.85701
6.70473
6.54926
6.3905
6.22834
6.06264
5.8933
5.72019
5.54317
5.36213
5.17693
4.98744
4.79355
4.59513
4.39208
4.18429
3.97169
3.75423
3.53187
3.30465
3.07263
2.83599
2.595
2.35007
2.10181
1.85105
1.59881
1.34612
1.09342
0.839636
0.581119
0.309178
0
0
0
0
0
0
0
0
0
0
0
0
0
0
0
0
0
0.309178
0.581119
0.839636
1.09342
1.34612
1.59881
1.85105
2.10181
2.35007
2.595
2.83599
3.07263
3.30465
3.53187
3.75423
3.97169
4.18429
4.39208
4.59513
4.79355
4.98744
5.17693
5.36213
5.54317
5.72019
5.8933
6.06264
6.22834
6.3905
6.54926
6.70473
6.85701
7.00622
7.15246
7.29583
7.43646
7.57453
7.71069
7.84789
8
8
8
8
8
8
7.87909
7.75016
7.61674
7.48039
7.34146
7.19991
7.05565
6.90856
6.75856
6.60555
6.44942
6.29008
6.12742
5.96135
5.79176
5.61854
5.4416
5.26082
5.07612
4.88742
4.69462
4.49766
4.29651
4.09112
3.8815
3.66771
3.44981
3.22798
3.00244
2.77353
2.5417
2.30755
2.07181
1.83531
1.59881
1.36276
1.12704
0.891143
0.655594
0.429121
0.263461
0
0
0
0
0
0
0
0
0
0
0
0
0
0.263461
0.429121
0.655594
0.891143
1.12704
1.36276
1.59881
1.83531
2.07181
2.30755
2.5417
2.77353
3.00244
3.22798
3.44981
3.66771
3.8815
4.09112
4.29651
4.49766
4.69462
4.88742
5.07612
5.26082
5.4416
5.61854
5.79176
5.96135
6.12742
6.29008
6.44942
6.60555
6.75856
6.90856
7.05565
7.19991
7.34146
7.48039
7.61674
7.75016
7.87909
8
8
8
8
8
8
7.9183
7.79411
7.66187
7.5269
7.38969
7.25007
7.10789
6.96303
6.81541
6.66494
6.51155
6.35514
6.19562
6.03293
5.86696
5.69764
5.52489
5.34864
5.16882
4.98537
4.79826
4.60745
4.41295
4.21477
4.01296
3.80763
3.59892
3.38704
3.17226
2.95498
2.73565
2.51488
2.29335
2.07181
1.85105
1.63175
1.41464
1.20081
0.992935
0.797429
0.624725
0.45441
0.353882
0.240212
0
0
0
0
0
0
0
0.240212
0.353882
0.45441
0.624725
0.797429
0.992935
1.20081
1.41464
1.63175
1.85105
2.07181
2.29335
2.51488
2.73565
2.95498
3.17226
3.38704
3.59892
3.80763
4.01296
4.21477
4.41295
4.60745
4.79826
4.98537
5.16882
5.34864
5.52489
5.69764
5.86696
6.03293
6.19562
6.35514
6.51155
6.66494
6.81541
6.96303
7.10789
7.25007
7.38969
7.5269
7.66187
7.79411
7.9183
8
8
8
8
8
8
8
7.84613
7.70973
7.57567
7.44033
7.3028
7.16281
7.02027
6.87511
6.72727
6.57669
6.42329
6.26701
6.10777
5.94552
5.78017
5.61169
5.44003
5.26513
5.08699
4.90559
4.72094
4.53307
4.34204
4.14795
3.95094
3.7512
3.54898
3.3446
3.13846
2.93105
2.72296
2.51488
2.30755
2.10181
1.89857
1.69895
1.50454
1.3179
1.14293
0.983598
0.839034
0.720906
0.606965
0.484173
0.434823
0.414026
0.408143
0.414026
0.434823
0.484173
0.606965
0.720906
0.839034
0.983598
1.14293
1.3179
1.50454
1.69895
1.89857
2.10181
2.30755
2.51488
2.72296
2.93105
3.13846
3.3446
3.54898
3.7512
3.95094
4.14795
4.34204
4.53307
4.72094
4.90559
5.08699
5.26513
5.44003
5.61169
5.78017
5.94552
6.10777
6.26701
6.42329
6.57669
6.72727
6.87511
7.02027
7.16281
7.3028
7.44033
7.57567
7.70973
7.84613
8
8
8
8
8
8
8
8
7.88069
7.75524
7.62572
7.49317
7.35798
7.22028
7.08012
6.93748
6.79234
6.64465
6.49433
6.34135
6.18564
6.02715
5.86585
5.70168
5.53464
5.3647
5.19187
5.01617
4.83764
4.65634
4.47237
4.28586
4.09699
3.90597
3.71309
3.51869
3.32321
3.12713
2.93105
2.73565
2.5417
2.35007
2.16177
1.97804
1.80048
1.63121
1.47281
1.3277
1.19722
1.08374
0.982571
0.894902
0.841094
0.813136
0.804522
0.813136
0.841094
0.894902
0.982571
1.08374
1.19722
1.3277
1.47281
1.63121
1.80048
1.97804
2.16177
2.35007
2.5417
2.73565
2.93105
3.12713
3.32321
3.51869
3.71309
3.90597
4.09699
4.28586
4.47237
4.65634
4.83764
5.01617
5.19187
5.3647
5.53464
5.70168
5.86585
6.02715
6.18564
6.34135
6.49433
6.64465
6.79234
6.93748
7.08012
7.22028
7.35798
7.49317
7.62572
7.75524
7.88069
8
8
8
8
8
8
8
8
7.92137
7.80481
7.6788
7.54865
7.41566
7.28021
7.14244
7.00237
6.85997
6.71522
6.56805
6.41841
6.26628
6.11161
5.95437
5.79455
5.63214
5.46716
5.29963
5.12959
4.95711
4.78229
4.60524
4.42614
4.24517
4.06259
3.87871
3.69388
3.50854
3.32321
3.13846
2.95498
2.77353
2.595
2.42041
2.25097
2.08813
1.93364
1.78939
1.65718
1.53841
1.43427
1.34467
1.27177
1.22152
1.1929
1.18367
1.1929
1.22152
1.27177
1.34467
1.43427
1.53841
1.65718
1.78939
1.93364
2.08813
2.25097
2.42041
2.595
2.77353
2.95498
3.13846
3.32321
3.50854
3.69388
3.87871
4.06259
4.24517
4.42614
4.60524
4.78229
4.95711
5.12959
5.29963
5.46716
5.63214
5.79455
5.95437
6.11161
6.26628
6.41841
6.56805
6.71522
6.85997
7.00237
7.14244
7.28021
7.41566
7.54865
7.6788
7.80481
7.92137
8
8
8
8
8
8
8
8
8
7.86384
7.736
7.60698
7.4758
7.34247
7.20706
7.06957
6.92997
6.7882
6.64422
6.49798
6.34946
6.19863
6.04548
5.89001
5.73223
5.57217
5.40989
5.24544
5.07892
4.91045
4.74017
4.56827
4.39497
4.22053
4.04527
3.86958
3.69388
3.51869
3.3446
3.17226
3.00244
2.83599
2.6739
2.51729
2.36745
2.22582
2.09393
1.97321
1.86496
1.77027
1.69007
1.62599
1.5803
1.55328
1.54437
1.55328
1.5803
1.62599
1.69007
1.77027
1.86496
1.97321
2.09393
2.22582
2.36745
2.51729
2.6739
2.83599
3.00244
3.17226
3.3446
3.51869
3.69388
3.86958
4.04527
4.22053
4.39497
4.56827
4.74017
4.91045
5.07892
5.24544
5.40989
5.57217
5.73223
5.89001
6.04548
6.19863
6.34946
6.49798
6.64422
6.7882
6.92997
7.06957
7.20706
7.34247
7.4758
7.60698
7.736
7.86384
8
8
8
8
8
8
8
8
8
8
7.91456
7.79438
7.66748
7.53807
7.40681
7.27377
7.1389
7.00212
6.86339
6.72264
6.57984
6.43496
6.28798
6.13891
5.98777
5.83459
5.67941
5.52231
5.36336
5.20269
5.04042
4.87673
4.71181
4.5459
4.37928
4.21227
4.04527
3.87871
3.71309
3.54898
3.38704
3.22798
3.07263
2.92191
2.77684
2.63855
2.50828
2.38728
2.27678
2.17793
2.09179
2.01936
1.96184
1.9204
1.89554
1.88727
1.89554
1.9204
1.96184
2.01936
2.09179
2.17793
2.27678
2.38728
2.50828
2.63855
2.77684
2.92191
3.07263
3.22798
3.38704
3.54898
3.71309
3.87871
4.04527
4.21227
4.37928
4.5459
4.71181
4.87673
5.04042
5.20269
5.36336
5.52231
5.67941
5.83459
5.98777
6.13891
6.28798
6.43496
6.57984
6.72264
6.86339
7.00212
7.1389
7.27377
7.40681
7.53807
7.66748
7.79438
7.91456
8
8
8
8
8
8
8
8
8
8
8
7.85949
7.73049
7.6022
7.47294
7.3423
7.21012
7.07624
6.9406
6.80312
6.66378
6.52254
6.37941
6.23442
6.08757
5.93894
5.78857
5.63656
5.48302
5.32805
5.17183
5.01452
4.85634
4.69754
4.53841
4.37928
4.22053
4.06259
3.90597
3.7512
3.59892
3.44981
3.30465
3.16426
3.0296
2.90165
2.78147
2.67013
2.56871
2.47821
2.39958
2.33374
2.28159
2.24393
2.22121
2.21362
2.22121
2.24393
2.28159
2.33374
2.39958
2.47821
2.56871
2.67013
2.78147
2.90165
3.0296
3.16426
3.30465
3.44981
3.59892
3.7512
3.90597
4.06259
4.22053
4.37928
4.53841
4.69754
4.85634
5.01452
5.17183
5.32805
5.48302
5.63656
5.78857
5.93894
6.08757
6.23442
6.37941
6.52254
6.66378
6.80312
6.9406
7.07624
7.21012
7.3423
7.47294
7.6022
7.73049
7.85949
8
8
8
8
8
8
8
8
8
8
8
8
7.91307
7.7928
7.6673
7.54042
7.41239
7.28302
7.15214
7.01964
6.88547
6.7496
6.61201
6.47272
6.33176
6.18917
6.04502
5.89938
5.75236
5.60408
5.45467
5.30431
5.15317
5.00149
4.84952
4.69754
4.5459
4.39497
4.24517
4.09699
3.95094
3.80763
3.66771
3.53187
3.40091
3.27564
3.15697
3.0458
2.94308
2.84972
2.76661
2.69458
2.63443
2.58687
2.5525
2.53174
2.5248
2.53174
2.5525
2.58687
2.63443
2.69458
2.76661
2.84972
2.94308
3.0458
3.15697
3.27564
3.40091
3.53187
3.66771
3.80763
3.95094
4.09699
4.24517
4.39497
4.5459
4.69754
4.84952
5.00149
5.15317
5.30431
5.45467
5.60408
5.75236
5.89938
6.04502
6.18917
6.33176
6.47272
6.61201
6.7496
6.88547
7.01964
7.15214
7.28302
7.41239
7.54042
7.6673
7.7928
7.91307
8
8
8
8
8
8
8
8
8
8
8
8
8
7.86032
7.73379
7.60906
7.48383
7.35743
7.22964
7.10035
6.96953
6.83714
6.70319
6.56771
6.43073
6.29233
6.15258
6.01158
5.86943
5.72627
5.58226
5.43756
5.29237
5.14693
5.00149
4.85634
4.71181
4.56827
4.42614
4.28586
4.14795
4.01296
3.8815
3.75423
3.63184
3.5151
3.40478
3.3017
3.20666
3.12048
3.04392
2.97771
2.92252
2.87895
2.84748
2.82846
2.8221
2.82846
2.84748
2.87895
2.92252
2.97771
3.04392
3.12048
3.20666
3.3017
3.40478
3.5151
3.63184
3.75423
3.8815
4.01296
4.14795
4.28586
4.42614
4.56827
4.71181
4.85634
5.00149
5.14693
5.29237
5.43756
5.58226
5.72627
5.86943
6.01158
6.15258
6.29233
6.43073
6.56771
6.70319
6.83714
6.96953
7.10035
7.22964
7.35743
7.48383
7.60906
7.73379
7.86032
8
8
8
8
8
8
8
8
8
8
8
8
8
8
7.9147
7.79849
7.6782
7.55643
7.43325
7.30864
7.18261
7.05514
6.92624
6.7959
6.66418
6.53114
6.39684
6.2614
6.12491
5.9875
5.84932
5.71053
5.5713
5.43183
5.29237
5.15317
5.01452
4.87673
4.74017
4.60524
4.47237
4.34204
4.21477
4.09112
3.97169
3.85714
3.74813
3.64536
3.54954
3.46139
3.38162
3.31088
3.24982
3.199
3.15892
3.13
3.11253
3.10668
3.11253
3.13
3.15892
3.199
3.24982
3.31088
3.38162
3.46139
3.54954
3.64536
3.74813
3.85714
3.97169
4.09112
4.21477
4.34204
4.47237
4.60524
4.74017
4.87673
5.01452
5.15317
5.29237
5.43183
5.5713
5.71053
5.84932
5.9875
6.12491
6.2614
6.39684
6.53114
6.66418
6.7959
6.92624
7.05514
7.18261
7.30864
7.43325
7.55643
7.6782
7.79849
7.9147
8
8
8
8
8
8
8
8
8
8
8
8
8
8
8
7.86725
7.74883
7.63044
7.51048
7.38906
7.2663
7.1422
7.01676
6.89
6.76198
6.63279
6.50251
6.37126
6.23916
6.10635
5.97299
5.83923
5.70526
5.5713
5.43756
5.30431
5.17183
5.04042
4.91045
4.78229
4.65634
4.53307
4.41295
4.29651
4.18429
4.07689
3.97491
3.87898
3.78972
3.70776
3.63372
3.56817
3.51168
3.46473
3.42774
3.40107
3.38496
3.37958
3.38496
3.40107
3.42774
3.46473
3.51168
3.56817
3.63372
3.70776
3.78972
3.87898
3.97491
4.07689
4.18429
4.29651
4.41295
4.53307
4.65634
4.78229
4.91045
5.04042
5.17183
5.30431
5.43756
5.5713
5.70526
5.83923
5.97299
6.10635
6.23916
6.37126
6.50251
6.63279
6.76198
6.89
7.01676
7.1422
7.2663
7.38906
7.51048
7.63044
7.74883
7.86725
8
8
8
8
8
8
8
8
8
8
8
8
8
8
8
8
7.92167
7.81942
7.70604
7.58916
7.47083
7.35133
7.2306
7.1086
6.98536
6.86096
6.73552
6.60914
6.48196
6.35412
6.22576
6.09704
5.96814
5.83923
5.71053
5.58226
5.45467
5.32805
5.20269
5.07892
4.95711
4.83764
4.72094
4.60745
4.49766
4.39208
4.29123
4.19566
4.10592
4.02259
3.9462
3.87731
3.81642
3.76401
3.72049
3.68625
3.66157
3.64668
3.6417
3.64668
3.66157
3.68625
3.72049
3.76401
3.81642
3.87731
3.9462
4.02259
4.10592
4.19566
4.29123
4.39208
4.49766
4.60745
4.72094
4.83764
4.95711
5.07892
5.20269
5.32805
5.45467
5.58226
5.71053
5.83923
5.96814
6.09704
6.22576
6.35412
6.48196
6.60914
6.73552
6.86096
6.98536
7.1086
7.2306
7.35133
7.47083
7.58916
7.70604
7.81942
7.92167
8
8
8
8
8
8
8
8
8
8
8
8
8
8
8
8
8
7.90114
7.78515
7.66928
7.55376
7.43759
7.32027
7.20168
7.08187
6.96099
6.83918
6.71658
6.59334
6.4696
6.34553
6.22129
6.09704
5.97299
5.84932
5.72627
5.60408
5.48302
5.36336
5.24544
5.12959
5.01617
4.90559
4.79826
4.69462
4.59513
4.50028
4.41056
4.32647
4.24851
4.17716
4.1129
4.05619
4.00743
3.96699
3.93519
3.91229
3.89848
3.89386
3.89848
3.91229
3.93519
3.96699
4.00743
4.05619
4.1129
4.17716
4.24851
4.32647
4.41056
4.50028
4.59513
4.69462
4.79826
4.90559
5.01617
5.12959
5.24544
5.36336
5.48302
5.60408
5.72627
5.84932
5.97299
6.09704
6.22129
6.34553
6.4696
6.59334
6.71658
6.83918
6.96099
7.08187
7.20168
7.32027
7.43759
7.55376
7.66928
7.78515
7.90114
8
8
8
8
8
8
8
8
8
8
8
8
8
8
8
8
8
8
8
7.86415
7.74905
7.63734
7.52501
7.41122
7.29597
7.17947
7.06195
6.94362
6.82465
6.7052
6.58542
6.46548
6.34553
6.22576
6.10635
5.9875
5.86943
5.75236
5.63656
5.52231
5.40989
5.29963
5.19187
5.08699
4.98537
4.88742
4.79355
4.70421
4.61984
4.54089
4.46781
4.40102
4.34096
4.288
4.24253
4.20485
4.17524
4.15393
4.14108
4.13678
4.14108
4.15393
4.17524
4.20485
4.24253
4.288
4.34096
4.40102
4.46781
4.54089
4.61984
4.70421
4.79355
4.88742
4.98537
5.08699
5.19187
5.29963
5.40989
5.52231
5.63656
5.75236
5.86943
5.9875
6.10635
6.22576
6.34553
6.46548
6.58542
6.7052
6.82465
6.94362
7.06195
7.17947
7.29597
7.41122
7.52501
7.63734
7.74905
7.86415
8
8
8
8
8
8
8
8
8
8
8
8
8
8
8
8
8
8
8
8
7.92239
7.82543
7.72153
7.61388
7.50363
7.39151
7.27808
7.16373
7.04871
6.93321
6.81739
6.7014
6.58542
6.4696
6.35412
6.23916
6.12491
6.01158
5.89938
5.78857
5.67941
5.57217
5.46716
5.3647
5.26513
5.16882
5.07612
4.98744
4.90317
4.8237
4.74945
4.68081
4.61817
4.5619
4.51234
4.46982
4.43463
4.40699
4.38711
4.37512
4.37112
4.37512
4.38711
4.40699
4.43463
4.46982
4.51234
4.5619
4.61817
4.68081
4.74945
4.8237
4.90317
4.98744
5.07612
5.16882
5.26513
5.3647
5.46716
5.57217
5.67941
5.78857
5.89938
6.01158
6.12491
6.23916
6.35412
6.4696
6.58542
6.7014
6.81739
6.93321
7.04871
7.16373
7.27808
7.39151
7.50363
7.61388
7.72153
7.82543
7.92239
8
8
8
8
8
8
8
8
8
8
8
8
8
8
8
8
8
8
8
8
8
7.90873
7.8095
7.70534
7.59791
7.48835
7.37761
7.26617
7.15428
7.04209
6.92974
6.81739
6.7052
6.59334
6.48196
6.37126
6.2614
6.15258
6.04502
5.93894
5.83459
5.73223
5.63214
5.53464
5.44003
5.34864
5.26082
5.17693
5.09731
5.02235
4.9524
4.88781
4.82894
4.77612
4.72964
4.6898
4.65685
4.63099
4.61239
4.60119
4.59744
4.60119
4.61239
4.63099
4.65685
4.6898
4.72964
4.77612
4.82894
4.88781
4.9524
5.02235
5.09731
5.17693
5.26082
5.34864
5.44003
5.53464
5.63214
5.73223
5.83459
5.93894
6.04502
6.15258
6.2614
6.37126
6.48196
6.59334
6.7052
6.81739
6.92974
7.04209
7.15428
7.26617
7.37761
7.48835
7.59791
7.70534
7.8095
7.90873
8
8
8
8
8
8
8
8
8
8
8
8
8
8
8
8
8
8
8
8
8
8
8
7.90239
7.80007
7.69431
7.58639
7.47783
7.36907
7.26016
7.15112
7.04209
6.93321
6.82465
6.71658
6.60914
6.50251
6.39684
6.29233
6.18917
6.08757
5.98777
5.89001
5.79455
5.70168
5.61169
5.52489
5.4416
5.36213
5.28681
5.21599
5.14998
5.0891
5.03367
4.98398
4.94031
4.9029
4.87198
4.84772
4.83029
4.81979
4.81628
4.81979
4.83029
4.84772
4.87198
4.9029
4.94031
4.98398
5.03367
5.0891
5.14998
5.21599
5.28681
5.36213
5.4416
5.52489
5.61169
5.70168
5.79455
5.89001
5.98777
6.08757
6.18917
6.29233
6.39684
6.50251
6.60914
6.71658
6.82465
6.93321
7.04209
7.15112
7.26016
7.36907
7.47783
7.58639
7.69431
7.80007
7.90239
8
8
8
8
8
8
8
8
8
8
8
8
8
8
8
8
8
8
8
8
8
8
8
8
8
7.89824
7.79288
7.68506
7.57826
7.47214
7.36615
7.26016
7.15428
7.04871
6.94362
6.83918
6.73552
6.63279
6.53114
6.43073
6.33176
6.23442
6.13891
6.04548
5.95437
5.86585
5.78017
5.69764
5.61854
5.54317
5.47183
5.40481
5.34242
5.28494
5.23266
5.18584
5.14471
5.10951
5.08043
5.05764
5.04126
5.03139
5.0281
5.03139
5.04126
5.05764
5.08043
5.10951
5.14471
5.18584
5.23266
5.28494
5.34242
5.40481
5.47183
5.54317
5.61854
5.69764
5.78017
5.86585
5.95437
6.04548
6.13891
6.23442
6.33176
6.43073
6.53114
6.63279
6.73552
6.83918
6.94362
7.04871
7.15428
7.26016
7.36615
7.47214
7.57826
7.68506
7.79288
7.89824
8
8
8
8
8
8
8
8
8
8
8
8
8
8
8
8
8
8
8
8
8
8
8
8
8
8
8
7.8939
7.78271
7.678
7.57507
7.47214
7.36907
7.26617
7.16373
7.06195
6.96099
6.86096
6.76198
6.66418
6.56771
6.47272
6.37941
6.28798
6.19863
6.11161
6.02715
5.94552
5.86696
5.79176
5.72019
5.65251
5.58901
5.52995
5.47559
5.42619
5.38199
5.34319
5.31
5.2826
5.26113
5.24571
5.23642
5.23332
5.23642
5.24571
5.26113
5.2826
5.31
5.34319
5.38199
5.42619
5.47559
5.52995
5.58901
5.65251
5.72019
5.79176
5.86696
5.94552
6.02715
6.11161
6.19863
6.28798
6.37941
6.47272
6.56771
6.66418
6.76198
6.86096
6.96099
7.06195
7.16373
7.26617
7.36907
7.47214
7.57507
7.678
7.78271
7.8939
8
8
8
8
8
8
8
8
8
8
8
8
8
8
8
8
8
8
8
8
8
8
8
8
8
8
8
8
8
7.8739
7.77595
7.678
7.57826
7.47783
7.37761
7.27808
7.17947
7.08187
6.98536
6.89
6.7959
6.70319
6.61201
6.52254
6.43496
6.34946
6.26628
6.18564
6.10777
6.03293
5.96135
5.8933
5.82902
5.76876
5.71277
5.66129
5.61453
5.57272
5.53606
5.50471
5.47884
5.45858
5.44403
5.43527
5.43235
5.43527
5.44403
5.45858
5.47884
5.50471
5.53606
5.57272
5.61453
5.66129
5.71277
5.76876
5.82902
5.8933
5.96135
6.03293
6.10777
6.18564
6.26628
6.34946
6.43496
6.52254
6.61201
6.70319
6.7959
6.89
6.98536
7.08187
7.17947
7.27808
7.37761
7.47783
7.57826
7.678
7.77595
7.8739
8
8
8
8
8
8
8
8
8
8
8
8
8
8
8
8
8
8
8
8
8
8
8
8
8
8
8
8
8
8
7.93695
7.8739
7.78271
7.68506
7.58639
7.48835
7.39151
7.29597
7.20168
7.1086
7.01676
6.92624
6.83714
6.7496
6.66378
6.57984
6.49798
6.41841
6.34135
6.26701
6.19562
6.12742
6.06264
6.00151
5.94425
5.89109
5.84225
5.79793
5.75832
5.7236
5.69394
5.66947
5.65032
5.63656
5.62828
5.62552
5.62828
5.63656
5.65032
5.66947
5.69394
5.7236
5.75832
5.79793
5.84225
5.89109
5.94425
6.00151
6.06264
6.12742
6.19562
6.26701
6.34135
6.41841
6.49798
6.57984
6.66378
6.7496
6.83714
6.92624
7.01676
7.1086
7.20168
7.29597
7.39151
7.48835
7.58639
7.68506
7.78271
7.8739
7.93695
8
8
8
8
8
8
8
8
8
8
8
8
8
8
8
8
8
8
8
8
8
8
8
8
8
8
8
8
8
8
8
8
7.8939
7.79288
7.69431
7.59791
7.50363
7.41122
7.32027
7.2306
7.1422
7.05514
6.96953
6.88547
6.80312
6.72264
6.64422
6.56805
6.49433
6.42329
6.35514
6.29008
6.22834
6.17012
6.11564
6.0651
6.01869
5.97661
5.93902
5.9061
5.87798
5.85479
5.83664
5.82362
5.81578
5.81317
5.81578
5.82362
5.83664
5.85479
5.87798
5.9061
5.93902
5.97661
6.01869
6.0651
6.11564
6.17012
6.22834
6.29008
6.35514
6.42329
6.49433
6.56805
6.64422
6.72264
6.80312
6.88547
6.96953
7.05514
7.1422
7.2306
7.32027
7.41122
7.50363
7.59791
7.69431
7.79288
7.8939
8
8
8
8
8
8
8
8
8
8
8
8
8
8
8
8
8
8
8
8
8
8
8
8
8
8
8
8
8
8
8
8
8
8
8
7.89824
7.80007
7.70534
7.61388
7.52501
7.43759
7.35133
7.2663
7.18261
7.10035
7.01964
6.9406
6.86339
6.7882
6.71522
6.64465
6.57669
6.51155
6.44942
6.3905
6.335
6.28309
6.23497
6.19081
6.15079
6.11507
6.08379
6.05708
6.03507
6.01785
6.00549
5.99806
5.99558
5.99806
6.00549
6.01785
6.03507
6.05708
6.08379
6.11507
6.15079
6.19081
6.23497
6.28309
6.335
6.3905
6.44942
6.51155
6.57669
6.64465
6.71522
6.7882
6.86339
6.9406
7.01964
7.10035
7.18261
7.2663
7.35133
7.43759
7.52501
7.61388
7.70534
7.80007
7.89824
8
8
8
8
8
8
8
8
8
8
8
8
8
8
8
8
8
8
8
8
8
8
8
8
8
8
8
8
8
8
8
8
8
8
8
8
8
7.90239
7.8095
7.72153
7.63734
7.55376
7.47083
7.38906
7.30864
7.22964
7.15214
7.07624
7.00212
6.92997
6.85997
6.79234
6.72727
6.66494
6.60555
6.54926
6.49627
6.44675
6.40087
6.35879
6.32068
6.28667
6.2569
6.2315
6.21056
6.19419
6.18245
6.17538
6.17302
6.17538
6.18245
6.19419
6.21056
6.2315
6.2569
6.28667
6.32068
6.35879
6.40087
6.44675
6.49627
6.54926
6.60555
6.66494
6.72727
6.79234
6.85997
6.92997
7.00212
7.07624
7.15214
7.22964
7.30864
7.38906
7.47083
7.55376
7.63734
7.72153
7.8095
7.90239
8
8
8
8
8
8
8
8
8
8
8
8
8
8
8
8
8
8
8
8
8
8
8
8
8
8
8
8
8
8
8
8
8
8
8
8
8
8
8
7.90873
7.82543
7.74905
7.66928
7.58916
7.51048
7.43325
7.35743
7.28302
7.21012
7.1389
7.06957
7.00237
6.93748
6.87511
6.81541
6.75856
6.70473
6.65408
6.60677
6.56297
6.52282
6.48646
6.45403
6.42565
6.40144
6.38149
6.3659
6.35472
6.348
6.34575
6.348
6.35472
6.3659
6.38149
6.40144
6.42565
6.45403
6.48646
6.52282
6.56297
6.60677
6.65408
6.70473
6.75856
6.81541
6.87511
6.93748
7.00237
7.06957
7.1389
7.21012
7.28302
7.35743
7.43325
7.51048
7.58916
7.66928
7.74905
7.82543
7.90873
8
8
8
8
8
8
8
8
8
8
8
8
8
8
8
8
8
8
8
8
8
8
8
8
8
8
8
8
8
8
8
8
8
8
8
8
8
8
8
8
8
7.92239
7.86415
7.78515
7.70604
7.63044
7.55643
7.48383
7.41239
7.3423
7.27377
7.20706
7.14244
7.08012
7.02027
6.96303
6.90856
6.85701
6.80854
6.76329
6.72141
6.68305
6.64831
6.61733
6.59023
6.56711
6.54807
6.5332
6.52254
6.51613
6.514
6.51613
6.52254
6.5332
6.54807
6.56711
6.59023
6.61733
6.64831
6.68305
6.72141
6.76329
6.80854
6.85701
6.90856
6.96303
7.02027
7.08012
7.14244
7.20706
7.27377
7.3423
7.41239
7.48383
7.55643
7.63044
7.70604
7.78515
7.86415
7.92239
8
8
8
8
8
8
8
8
8
8
8
8
8
8
8
8
8
8
8
8
8
8
8
8
8
8
8
8
8
8
8
8
8
8
8
8
8
8
8
8
8
8
8
8
7.90114
7.81942
7.74883
7.6782
7.60906
7.54042
7.47294
7.40681
7.34247
7.28021
7.22028
7.16281
7.10789
7.05565
7.00622
6.95977
6.91643
6.87635
6.83965
6.80641
6.77676
6.75082
6.7287
6.7105
6.69629
6.68611
6.68
6.67796
6.68
6.68611
6.69629
6.7105
6.7287
6.75082
6.77676
6.80641
6.83965
6.87635
6.91643
6.95977
7.00622
7.05565
7.10789
7.16281
7.22028
7.28021
7.34247
7.40681
7.47294
7.54042
7.60906
7.6782
7.74883
7.81942
7.90114
8
8
8
8
8
8
8
8
8
8
8
8
8
8
8
8
8
8
8
8
8
8
8
8
8
8
8
8
8
8
8
8
8
8
8
8
8
8
8
8
8
8
8
8
8
8
8
7.92167
7.86725
7.79849
7.73379
7.6673
7.6022
7.53807
7.4758
7.41566
7.35798
7.3028
7.25007
7.19991
7.15246
7.10788
7.06632
7.02792
6.99277
6.96093
6.93249
6.90759
6.88637
6.86892
6.85533
6.84562
6.83979
6.83785
6.83979
6.84562
6.85533
6.86892
6.88637
6.90759
6.93249
6.96093
6.99277
7.02792
7.06632
7.10788
7.15246
7.19991
7.25007
7.3028
7.35798
7.41566
7.4758
7.53807
7.6022
7.6673
7.73379
7.79849
7.86725
7.92167
8
8
8
8
8
8
8
8
8
8
8
8
8
8
8
8
8
8
8
8
8
8
8
8
8
8
8
8
8
8
8
8
8
8
8
8
8
8
8
8
8
8
8
8
8
8
8
8
8
8
7.9147
7.86032
7.7928
7.73049
7.66748
7.60698
7.54865
7.49317
7.44033
7.38969
7.34146
7.29583
7.25296
7.21305
7.17625
7.14258
7.11203
7.08468
7.06068
7.04025
7.0235
7.0105
7.00124
6.9957
6.99386
6.9957
7.00124
7.0105
7.0235
7.04025
7.06068
7.08468
7.11203
7.14258
7.17625
7.21305
7.25296
7.29583
7.34146
7.38969
7.44033
7.49317
7.54865
7.60698
7.66748
7.73049
7.7928
7.86032
7.9147
8
8
8
8
8
8
8
8
8
8
8
8
8
8
8
8
8
8
8
8
8
8
8
8
8
8
8
8
8
8
8
8
8
8
8
8
8
8
8
8
8
8
8
8
8
8
8
8
8
8
8
8
8
8
7.91307
7.85949
7.79438
7.736
7.6788
7.62572
7.57567
7.5269
7.48039
7.43646
7.39508
7.35668
7.32145
7.28927
7.25995
7.2335
7.21022
7.19045
7.17434
7.16192
7.15314
7.14791
7.14617
7.14791
7.15314
7.16192
7.17434
7.19045
7.21022
7.2335
7.25995
7.28927
7.32145
7.35668
7.39508
7.43646
7.48039
7.5269
7.57567
7.62572
7.6788
7.736
7.79438
7.85949
7.91307
8
8
8
8
8
8
8
8
8
8
8
8
8
8
8
8
8
8
8
8
8
8
8
8
8
8
8
8
8
8
8
8
8
8
8
8
8
8
8
8
8
8
8
8
8
8
8
8
8
8
8
8
8
8
8
8
8
8
7.91456
7.86384
7.80481
7.75524
7.70973
7.66187
7.61674
7.57453
7.53423
7.49713
7.46359
7.4331
7.405
7.37914
7.35626
7.33698
7.32149
7.30972
7.30149
7.29663
7.29502
7.29663
7.30149
7.30972
7.32149
7.33698
7.35626
7.37914
7.405
7.4331
7.46359
7.49713
7.53423
7.57453
7.61674
7.66187
7.70973
7.75524
7.80481
7.86384
7.91456
8
8
8
8
8
8
8
8
8
8
8
8
8
8
8
8
8
8
8
8
8
8
8
8
8
8
8
8
8
8
8
8
8
8
8
8
8
8
8
8
8
8
8
8
8
8
8
8
8
8
8
8
8
8
8
8
8
8
8
8
8
8
7.92137
7.88069
7.84613
7.79411
7.75016
7.71069
7.67018
7.63402
7.60268
7.57454
7.54781
7.5218
7.49871
7.47972
7.46492
7.45397
7.44646
7.44209
7.44066
7.44209
7.44646
7.45397
7.46492
7.47972
7.49871
7.5218
7.54781
7.57454
7.60268
7.63402
7.67018
7.71069
7.75016
7.79411
7.84613
7.88069
7.92137
8
8
8
8
8
8
8
8
8
8
8
8
8
8
8
8
8
8
8
8
8
8
8
8
8
8
8
8
8
8
8
8
8
8
8
8
8
8
8
8
8
8
8
8
8
8
8
8
8
8
8
8
8
8
8
8
8
8
8
8
8
8
8
8
8
8
8
7.9183
7.87909
7.84789
7.80178
7.7661
7.73858
7.71458
7.68989
7.66153
7.63706
7.61826
7.60449
7.59477
7.58831
7.58462
7.58342
7.58462
7.58831
7.59477
7.60449
7.61826
7.63706
7.66153
7.68989
7.71458
7.73858
7.7661
7.80178
7.84789
7.87909
7.9183
8
8
8
8
8
8
8
8
8
8
8
8
8
8
8
8
8
8
8
8
8
8
8
8
8
8
8
8
8
8
8
8
8
8
8
8
8
8
8
8
8
8
8
8
8
8
8
8
8
8
8
8
8
8
8
8
8
8
8
8
8
8
8
8
8
8
8
8
8
8
8
8
8
7.92294
7.89
7.87097
7.8553
7.83564
7.79737
7.76976
7.75177
7.74002
7.73231
7.7274
7.72466
7.72377
7.72466
7.7274
7.73231
7.74002
7.75177
7.76976
7.79737
7.83564
7.8553
7.87097
7.89
7.92294
8
8
8
8
8
8
8
8
8
8
8
8
8
8
8
8
8
8
8
8
8
8
8
8
8
8
8
8
8
8
8
8
8
8
8
8
8
8
8
8
8
8
8
8
8
8
8
8
8
8
8
8
8
8
8
8
8
8
8
8
8
8
8
8
8
8
8
8
8
8
8
8
8
8
8
8
8
8
8
8
8
7.92255
7.89284
7.87903
7.87152
7.86704
7.86432
7.86283
7.86236
7.86283
7.86432
7.86704
7.87152
7.87903
7.89284
7.92255
8
8
8
8
8
8
8
8
8
8
8
8
8
8
8
8
8
8
8
8
8
8
8
8
8
8
8
8
8
8
8
8
8
8
8
8
8
8
8
8
8
8
8
8
8
8
8
8
8
8
8
8
8
8
8
8
8
8
8
8
8
8
8
8
8
8
8
8
8
8
8
8
8
8
8
8
8
8
8
8
8
8
8
8
8
8
8
8
8
8
8
8
8
8
8
8
8
8
8
8
8
8
8
8
8
8
8
8
8
8
8
8
8
8
8
8
8
8
8
8
8
8
8
8
8
8
8
8
8
8
8
8
8
8
8
8
8
8
8
8
8
8
8
8
