0
0
0
0
0
0
0
0
0
0
0
0
0
0
0
0
0
0
0
0
0
0
0
0
0
0
0
0
0
0
0
0
0
0
0
0
0
0
0
0
0
0
0
0
0
0
0
0
0
0
0
0
0
0
0
0
0
0
0
0
0
0
0
0
0
0
0
0
0
0
0
0
0
0
0
0
0
0
0
0
0
0
0
0
0
0
0
0
0
0
0
0
0
0
0
0
0
0
0
0
0
0
0
0
0
0
0
0
0
0
0
0
0
0
0
0
0
0
0
0
0
0
0
0
0
0
0
0
0
0
0
0
0
0
0
0
0
0
0
0
0
0
0
0
0
0
0
0
0
0
0
0
0
0
0
0
0
0
0
0
0
0
0
0
0
0
0
0
0
0
0
0
0
0
0
0
0
0
0
0
0
0
0
0
0
0
0
0
0
0
0
0
0
0
0
0
0
0
0
0
0
0
0
0
0
0
0
0
0
0
0
0
0
0
0
0
0
0
0
0
0
0
0
0
0
0
0
0
0
0
0
0
0
0
0
0
0
0
0
0
0
0
0
0
0
0
0
0
0
0
0
0
0
0
0
0
0
0
0
0
0
0
0
0
0
0
0
0
0
0
0
0
0
0
0
0
0
0
0
0
0
0
0
0
0
0
0
0
0
0
0
0
0
0
0
0
0
0
0
0
0
0
0
0
0
0
0
0
0
0
0
0
0
0
0
0
0
0
0
0
0
0
0
0
0
0
0
0
0
0
0
0
0
0
0
0
0
0
0
0
0
0
0
0
0
0
0
0
0
0
0
0
0
0
0
0
0
0
0
0
0
0
0
0
0
0
0
0
0
0
0
0
0
0
0
0
0
0
0
0
0
0
0
0
0
0
0
0
0
0
0
0
0
0
0
0
0
0
0
0
0
0
0
0
0
0
0
0
0
0
0
0
0
0
0
0
0
0
0
0
0
0
0
0
0
0
0
0
0
0
0
0
0
0
0
0
0
0
0
0
0
0
0
0
0
0
0
0
0
0
0
0
0
0
0
0
0
0
0
0
0
0
0
0
0
0
0
0
0
0
0
0
0
0
0
0
0
0
0
0
0
0
0
0
0
0
0
0
0
0
0
0
0
0
0
0
0
0
0
0
0
0
0
0
0
0
0
0
0
0
0
0
0
0
0
0
0
0
0
0
0
0
0
0
0
0
0
0
0
0
0
0
0
0
0
0
0
0
0
0
0
0
0
0
0
0
0
0
0
0
0
0
0
0
0
0
0
0
0
0
0
0
0
0
0
0
0
0
0
0
0
0
0
0
0
0
0
0
0
0
0
0
0
0
0
0
0
0
0
0
0
0
0
0
0
0
0
0
0
0
0
0
0
0
0
0
0
0
0
0
0
0
0
0
0
0
0
0
0
0
0
0
0
0
0
0
0
0
0
0
0
0
0
0
0
0
0
0
0
0
0
0
0
0
0
0
0
0
0
0
0
0
0
0
0
0
0
0
0
0
0
0
0
0
0
0
0
0
0
0
0
0
0
0
0
0
0
0
0
0
0
0
0
0
0
0
0
0
0
0
0
0
0
0
0
0
0
0
0
0
8
8
8
8
8
8
8
8
8
8
8
8
8
8
8
8
8
8
8
8
8
8
8
8
8
8
8
8
8
8
8
8
8
8
8
8
8
8
8
8
8
8
8
8
8
8
8
8
8
8
8
8
8
8
8
8
8
8
8
8
8
8
8
8
8
8
8
8
8
8
8
8
8
8
8
8
8
8
8
8
8
8
8
8
8
8
8
8
8
8
8
8
8
8
8
8
8
8
8
8
7.67881
7.56839
7.52793
7.51327
7.50803
7.5052
7.5019
7.49762
7.49333
7.49077
7.49157
7.49634
7.50422
7.51325
7.52117
7.5261
7.52703
7.52402
7.51817
7.51141
7.5061
7.50421
7.50654
7.5123
7.51953
7.52592
7.52953
7.52929
7.52518
7.51824
7.51036
7.50382
7.50053
7.50122
7.50503
7.5099
7.51339
7.51339
7.50861
7.49874
7.48448
7.46731
7.44912
7.43151
7.41514
7.39931
7.38228
7.36141
7.33153
7.2775
7.14684
7.06682
7.03006
7.01713
7.01364
7.01086
7.0048
6.99525
6.98493
6.97819
6.97917
6.98957
7.00728
7.02762
7.04532
7.05619
7.05802
7.05089
7.03723
7.02138
7.00878
7.00419
7.00964
7.02313
7.03992
7.05462
7.06292
7.06246
7.0532
7.03742
7.01939
7.00439
6.99707
6.99932
7.009
7.02119
7.03025
7.03156
7.0223
7.00188
6.97186
6.93564
6.89764
6.8618
6.82974
6.79982
6.7684
6.73183
6.6872
6.63164
6.56422
6.522
6.50833
6.51157
6.51853
6.51981
6.51118
6.49366
6.47294
6.45787
6.45737
6.47547
6.50773
6.54464
6.5763
6.59532
6.59795
6.58431
6.55846
6.52811
6.50344
6.49415
6.50469
6.53066
6.56238
6.58973
6.60507
6.60442
6.58772
6.55887
6.52538
6.49727
6.48406
6.48999
6.51047
6.53559
6.55489
6.56028
6.54716
6.51462
6.46544
6.40575
6.344
6.28831
6.24221
6.20181
6.15968
6.1103
6.0538
5.99765
5.95639
5.94864
5.96971
6.00229
6.02912
6.03866
6.02644
5.99528
5.95529
5.92299
5.91697
5.94722
6.00353
6.06689
6.11992
6.15086
6.15414
6.12993
6.08421
6.02917
5.9827
5.96429
5.98431
6.03243
6.08922
6.13685
6.16321
6.16242
6.1344
6.08494
6.026
5.97524
5.9519
5.9661
6.0073
6.05581
6.09343
6.10752
6.09142
6.04401
5.96954
5.87793
5.7843
5.70521
5.64899
5.60553
5.55822
5.4959
5.42003
5.34877
5.31506
5.34647
5.41956
5.49874
5.557
5.57925
5.56065
5.50574
5.42994
5.36182
5.34032
5.3929
5.49226
5.59949
5.68561
5.73407
5.73781
5.69705
5.61928
5.52165
5.43392
5.39599
5.43583
5.52552
5.62523
5.70525
5.74851
5.74763
5.70254
5.6205
5.51843
5.42581
5.38219
5.41523
5.49682
5.58693
5.65551
5.68494
5.66701
5.60047
5.49077
5.35211
5.21007
5.09925
5.043
5.01311
4.97177
4.89503
4.78168
4.66233
4.60859
4.70262
4.86333
5.01611
5.1209
5.16071
5.13115
5.03709
4.8969
4.75405
4.68957
4.79179
4.97313
5.15321
5.28897
5.36199
5.366
5.30118
5.17422
5.00422
4.83535
4.74991
4.83751
5.00859
5.18092
5.31039
5.37797
5.37705
5.30761
5.1761
5.00141
4.82738
4.73581
4.8158
4.97782
5.13959
5.25673
5.30971
5.29121
5.20007
5.04096
4.82967
4.60462
4.43871
4.41066
4.43212
4.42073
4.33079
4.14931
3.91027
3.75436
3.9921
4.31503
4.58148
4.74977
4.81155
4.76613
4.61459
4.36653
4.06789
3.87213
4.11157
4.45527
4.75123
4.95508
5.05891
5.063
4.96746
4.77221
4.48564
4.15336
3.93078
4.15571
4.4904
4.77948
4.97743
5.0759
5.07501
4.97474
4.7749
4.48372
4.14648
3.91788
4.13435
4.45906
4.73689
4.9221
5.00596
4.98806
4.86764
4.64334
4.321
3.94003
3.64032
3.72882
3.88397
3.94826
3.85807
3.57451
3.0751
2.50646
3.1964
3.82319
4.24503
4.48514
4.56959
4.50725
4.2886
3.88675
3.27883
2.61951
3.32707
3.98517
4.44135
4.72122
4.85556
4.85965
4.73344
4.4615
4.01279
3.36167
2.66415
3.36416
4.01781
4.46918
4.74395
4.8732
4.87236
4.74144
4.46503
4.01209
3.35694
2.65487
3.34467
3.98719
4.42679
4.68882
4.80397
4.78742
4.63909
4.34377
3.87096
3.19417
2.45371
2.98033
3.42668
3.63025
3.57873
3.21558
2.30914
-1.53172e-15
2.46385
3.53629
4.09031
4.37615
4.47444
4.40466
4.14582
3.61304
2.54118
-1.9134e-15
2.59202
3.71699
4.30776
4.6329
4.78246
4.7866
4.64517
4.32756
3.74234
2.61639
-1.53071e-15
2.61895
3.74751
4.33548
4.65601
4.80057
4.79978
4.65365
4.33168
3.74267
2.61432
-1.91338e-15
2.60225
3.71824
4.29428
4.60242
4.73368
4.71857
4.55753
4.22167
3.6249
2.51199
3.82701e-15
2.31213
3.21217
3.56733
3.61101
3.39992
2.94587
2.409
3.12271
3.7678
4.20379
4.45472
4.54736
4.49112
4.27697
3.8784
3.27286
2.61525
3.32404
3.98302
4.43982
4.72014
4.85479
4.85911
4.73306
4.46123
4.01261
3.36155
2.66408
3.36412
4.01781
4.46921
4.74402
4.87331
4.87253
4.74169
4.46538
4.01259
3.35765
2.65588
3.3461
3.98922
4.42967
4.6929
4.80976
4.79564
4.6508
4.36049
3.89497
3.2289
2.50452
3.056
3.54256
3.81589
3.89807
3.82723
3.66544
3.5674
3.85018
4.20842
4.50231
4.69159
4.76917
4.73548
4.59254
4.35074
4.05661
3.8641
4.10586
4.45122
4.74835
4.95304
5.05747
5.06199
4.96674
4.77171
4.4853
4.15314
3.93065
4.15564
4.49039
4.77954
4.97756
5.07611
5.07533
4.9752
4.77556
4.48467
4.14782
3.91978
4.13705
4.46288
4.74229
4.92975
5.01681
5.00345
4.88952
4.67452
4.36559
4.00413
3.73317
3.86478
4.08619
4.25559
4.33815
4.34548
4.32126
4.345
4.50219
4.71337
4.90546
5.04014
5.10226
5.08909
5.00698
4.87541
4.73874
4.67869
4.78407
4.96765
5.14932
5.28622
5.36004
5.36462
5.30022
5.17355
5.00375
4.83505
4.74972
4.83742
5.00858
5.181
5.31056
5.37825
5.37748
5.30823
5.177
5.00268
4.82919
4.73838
4.81943
4.98296
5.14686
5.26701
5.32426
5.31183
5.22931
5.08249
4.88875
4.68886
4.55924
4.58377
4.68182
4.78214
4.85344
4.89531
4.9291
4.98914
5.10022
5.23742
5.36601
5.46125
5.51062
5.51166
5.47088
5.40517
5.34424
5.32785
5.38407
5.48601
5.59507
5.68248
5.73185
5.73625
5.69595
5.61852
5.52112
5.43357
5.39577
5.43573
5.52551
5.62531
5.70544
5.74883
5.74811
5.70325
5.62152
5.51988
5.42787
5.3851
5.41935
5.50265
5.59518
5.66716
5.70141
5.6903
5.63341
5.53737
5.41804
5.30334
5.23115
5.22925
5.27517
5.3377
5.39817
5.45321
5.51071
5.58222
5.67215
5.77008
5.85993
5.92822
5.96732
5.97605
5.95969
5.93014
5.90522
5.90441
5.93834
5.99725
6.06245
6.11678
6.14864
6.15257
6.12883
6.08345
6.02864
5.98236
5.96407
5.9842
6.03242
6.08931
6.13704
6.16353
6.1629
6.13511
6.08596
6.02745
5.9773
5.95481
5.97022
6.01312
6.06404
6.10504
6.12391
6.11456
6.07665
6.01554
5.94269
5.87532
5.83276
5.82691
5.85191
5.89533
5.94832
6.00865
6.07829
6.1569
6.23606
6.31081
6.37541
6.42437
6.45439
6.46553
6.4617
6.45049
6.44208
6.44624
6.46762
6.50219
6.54072
6.57353
6.59337
6.59657
6.58334
6.55779
6.52765
6.50313
6.49396
6.50459
6.53065
6.56246
6.5899
6.60535
6.60484
6.58834
6.55976
6.52665
6.49907
6.48662
6.49361
6.51558
6.5428
6.56507
6.57463
6.56738
6.54309
6.50545
6.46187
6.42249
6.39766
6.39374
6.41022
6.44341
6.49112
6.55478
6.63692
6.73102
6.8044
6.86168
6.90652
6.93946
6.96034
6.96999
6.97109
6.96805
6.96636
6.97086
6.98371
7.00316
7.02471
7.04326
7.05474
7.05699
7.05018
7.03673
7.02104
7.00855
7.00405
7.00957
7.02312
7.03997
7.05475
7.06313
7.06277
7.05366
7.03809
7.02033
7.00573
6.99897
7.002
7.01279
7.02653
7.03779
7.04217
7.03724
7.02288
7.00131
6.97685
6.95511
6.94164
6.94016
6.95183
6.97695
7.01799
7.08241
7.1836
7.32586
7.38882
7.42501
7.44954
7.46662
7.4775
7.48302
7.48459
7.48427
7.48444
7.48713
7.49321
7.50202
7.5117
7.52007
7.52533
7.52649
7.52364
7.5179
7.51123
7.50598
7.50413
7.5065
7.5123
7.51956
7.52599
7.52964
7.52946
7.52543
7.5186
7.51087
7.50453
7.50154
7.50265
7.50704
7.51274
7.51739
7.51902
7.51653
7.50987
7.50007
7.48909
7.47946
7.47364
7.47344
7.47997
7.4946
7.52146
7.57327
7.68922
8
8
8
8
8
8
8
8
8
8
8
8
8
8
8
8
8
8
8
8
8
8
8
8
8
8
8
8
8
8
8
8
8
8
8
8
8
8
8
8
8
8
8
8
8
8
8
8
8
8
8
8
8
8
8
8
8
8
8
8
8
8
8
8
8
8
8
8
8
8
8
8
8
8
8
8
8
8
8
8
8
8
8
8
8
8
8
8
8
8
8
8
8
8
8
8
8
8
8
8
0
0
0
0
0
0
0
0
0
0
0
0
0
0
0
0
0
0
0
0
0
0
0
0
0
0
0
0
0
0
0
0
0
0
0
0
0
0
0
0
0
0
0
0
0
0
0
0
0
0
0
0
0
0
0
0
0
0
0
0
0
0
0
0
0
0
0
0
0
0
0
0
0
0
0
0
0
0
0
0
0
0
0
0
0
0
0
0
0
0
0
0
0
0
0
0
0
0
0
0
0
0
0
0
0
0
0
0
0
0
0
0
0
0
0
0
0
0
0
0
0
0
0
0
0
0
0
0
0
0
0
0
0
0
0
0
0
0
0
0
0
0
0
0
0
0
0
0
0
0
0
0
0
0
0
0
0
0
0
0
0
0
0
0
0
0
0
0
0
0
0
0
0
0
0
0
0
0
0
0
0
0
0
0
0
0
0
0
0
0
0
0
0
0
0
0
0
0
0
0
0
0
0
0
0
0
0
0
0
0
0
0
0
0
0
0
0
0
0
0
0
0
0
0
0
0
0
0
0
0
0
0
0
0
0
0
0
0
0
0
0
0
0
0
0
0
0
0
0
0
0
0
0
0
0
0
0
0
0
0
0
0
0
0
0
0
0
0
0
0
0
0
0
0
0
0
0
0
0
0
0
0
0
0
0
0
0
0
0
0
0
0
0
0
0
0
0
0
0
0
0
0
0
0
0
0
0
0
0
0
0
0
0
0
0
0
0
0
0
0
0
0
0
0
0
0
0
0
0
0
0
0
0
0
0
0
0
0
0
0
0
0
0
0
0
0
0
0
0
0
0
0
0
0
0
0
0
0
0
0
0
0
0
0
0
0
0
0
0
0
0
0
0
0
0
0
0
0
0
0
0
0
0
0
0
0
0
0
0
0
0
0
0
0
0
0
0
0
0
0
0
0
0
0
0
0
0
0
0
0
0
0
0
0
0
0
0
0
0
0
0
0
0
0
0
0
0
0
0
0
0
0
0
0
0
0
0
0
0
0
0
0
0
0
0
0
0
0
0
0
0
0
0
0
0
0
0
0
0
0
0
0
0
0
0
0
0
0
0
0
0
0
0
0
0
0
0
0
0
0
0
0
0
0
0
0
0
0
0
0
0
0
0
0
0
0
0
0
0
0
0
0
0
0
0
0
0
0
0
0
0
0
0
0
0
0
0
0
0
0
0
0
0
0
0
0
0
0
0
0
0
0
0
0
0
0
0
0
0
0
0
0
0
0
0
0
0
0
0
0
0
0
0
0
0
0
0
0
0
0
0
0
0
0
0
0
0
0
0
0
0
0
0
0
0
0
0
0
0
0
0
0
0
0
0
0
0
0
0
0
0
0
0
0
0
0
0
0
0
0
0
0
0
0
0
0
0
0
0
0
0
0
0
0
0
0
0
0
0
0
0
0
0
0
0
0
0
0
0
0
0
0
0
0
0
0
0
0
0
0
0
0
0
0
0
0
0
0
0
0
0
0
0
0
0
0
0
0
0
0
0
0
0
0
0
0
0
0
0
0
0
0
0
0
0
0
0
0
0
0
0
0
0
0
0
0
0
0
0
0
0
0
0
0
0
0
0
0
0
0
0
0
0
0
0
0
0
0
0
0
0
0
0
0
0
0
0
0
0
0
0
0
0
0
0
0
0
0
0
0
0
0
0
0
0
0
0
0
0
0
0
0
0
0
0
0
0
0
0
0
