8
3.99915
2.41712
1.6727
1.2649
1.01341
0.844265
0.723137
0.632327
0.561878
0.505785
0.460211
0.422591
0.39114
0.364568
0.341912
0.322433
0.305545
0.29077
0.277713
0.266035
0.255447
0.245698
0.236571
0.227881
0.219468
0.211202
0.202978
0.194713
0.186347
0.17784
0.169168
0.160324
0.151312
0.142145
0.132845
0.123435
0.113942
0.104393
0.094812
0.0852207
0.0756371
0.0660746
0.0565422
0.0470448
0.0375831
0.0281545
0.0187533
0.00937156
0
8
5.5795
3.99662
3.0088
2.37347
1.94448
1.64051
1.41596
1.24429
1.1094
1.00105
0.912467
0.839015
0.777402
0.725218
0.680646
0.642275
0.608975
0.579824
0.554046
0.530981
0.510055
0.490774
0.472707
0.455483
0.438789
0.422363
0.405997
0.389527
0.372836
0.355844
0.338509
0.320816
0.302778
0.284424
0.265799
0.246952
0.227941
0.208818
0.189634
0.170434
0.151253
0.132119
0.113049
0.0940539
0.0751333
0.0562816
0.037487
0.018733
0
8
6.32222
4.98105
3.99239
3.27572
2.75053
2.35734
2.05588
1.81949
1.63039
1.47654
1.34959
1.2436
1.15423
1.07826
1.01318
0.957044
0.908258
0.865505
0.827668
0.793786
0.763019
0.734636
0.707999
0.682556
0.657841
0.633465
0.609119
0.584563
0.559625
0.534192
0.508206
0.481654
0.45456
0.426976
0.398973
0.370635
0.34205
0.313303
0.284473
0.255628
0.226823
0.198099
0.169483
0.140988
0.112614
0.0843517
0.0561802
0.0280733
0
8
6.72833
5.61299
4.70399
3.98648
3.42459
2.98244
2.63074
2.34738
2.11612
1.92514
1.76576
1.63156
1.51768
1.4204
1.33678
1.26446
1.20151
1.14627
1.09734
1.05347
1.0136
0.976753
0.942096
0.908901
0.876552
0.844539
0.812452
0.779981
0.746908
0.713092
0.678469
0.643034
0.606832
0.569946
0.532483
0.494566
0.456322
0.417872
0.379327
0.340781
0.302311
0.26397
0.225795
0.187801
0.149985
0.112331
0.0748087
0.0373802
0
8
6.97812
6.03859
5.2241
4.54162
3.9789
3.51708
3.13727
2.82318
2.56159
2.34213
2.15675
1.99919
1.86453
1.74887
1.64907
1.56252
1.48704
1.42073
1.36193
1.30918
1.26115
1.21668
1.17473
1.1344
1.09493
1.05568
1.01617
0.976003
0.934932
0.8928
0.849545
0.805181
0.759789
0.713491
0.666446
0.618824
0.570799
0.522536
0.474181
0.42586
0.377669
0.329677
0.281927
0.234435
0.187194
0.140177
0.0933437
0.0466387
0
8
7.14555
6.33915
5.61219
4.97701
4.43233
3.9697
3.57809
3.24646
2.96491
2.72505
2.51994
2.34392
2.19237
2.06149
1.9481
1.84952
1.7634
1.68767
1.62048
1.56015
1.50515
1.45409
1.40574
1.35904
1.31308
1.2671
1.22053
1.17293
1.12402
1.07363
1.02173
0.968358
0.913649
0.857786
0.800986
0.743485
0.685514
0.62729
0.569003
0.510808
0.452827
0.395142
0.337801
0.280818
0.224177
0.167841
0.11175
0.055831
0
8
7.26495
6.56025
5.9085
5.32189
4.8037
4.3513
3.95893
3.61966
3.32655
3.07321
2.85403
2.66417
2.49954
2.35661
2.23234
2.12405
2.02936
1.94608
1.87218
1.8058
1.7452
1.68878
1.63511
1.58295
1.53124
1.47912
1.42592
1.37117
1.31458
1.25598
1.19538
1.13287
1.06866
1.00302
0.936228
0.868616
0.800483
0.732109
0.663731
0.595543
0.527689
0.460264
0.393317
0.326857
0.260857
0.19526
0.129985
0.064935
0
8
7.354
6.72841
6.13967
5.59836
5.10929
4.67287
4.28667
3.94671
3.64842
3.38722
3.15879
2.95921
2.78501
2.63307
2.50059
2.385
2.28392
2.1951
2.11637
2.04567
1.98106
1.92071
1.86298
1.80641
1.74981
1.6922
1.63286
1.57127
1.50713
1.44034
1.37093
1.29909
1.22512
1.14938
1.0723
0.994267
0.915694
0.83693
0.758269
0.679944
0.602122
0.524907
0.448346
0.372437
0.297134
0.222356
0.147995
0.0739238
0
8
7.42264
6.85971
6.32343
5.82258
5.36222
4.94423
4.56817
4.23208
3.93321
3.66846
3.43468
3.22888
3.04822
2.89007
2.75194
2.63143
2.52623
2.43402
2.35252
2.27946
2.21266
2.15003
2.08967
2.02991
1.96939
1.90703
1.84204
1.77391
1.70235
1.62731
1.54891
1.46744
1.38334
1.29711
1.2093
1.12046
1.0311
0.941648
0.852472
0.763843
0.675948
0.588895
0.502724
0.417411
0.332886
0.249035
0.165717
0.0827648
0
8
7.47687
6.96435
6.47176
6.00631
5.57277
5.17366
4.80969
4.48024
4.18389
3.91871
3.68261
3.4734
3.28893
3.12706
2.98566
2.86257
2.75553
2.66223
2.58022
2.50701
2.4401
2.37708
2.31575
2.25418
2.19082
2.12448
2.05436
1.97997
1.90106
1.81764
1.72995
1.63844
1.54369
1.44641
1.34734
1.24718
1.14659
1.04609
0.946128
0.847007
0.748931
0.652003
0.556242
0.461598
0.367962
0.275182
0.183071
0.0914189
0
8
7.52049
7.04905
6.59295
6.15813
5.7489
5.36797
5.01668
4.69531
4.40337
4.1399
3.90364
3.69319
3.50703
3.34357
3.20108
3.07764
2.97112
2.87914
2.79911
2.72824
2.66364
2.60245
2.54206
2.48024
2.41522
2.34571
2.27097
2.19054
2.10427
2.01224
1.91483
1.81266
1.70656
1.5975
1.48645
1.37434
1.26197
1.15001
1.03894
0.929127
0.820766
0.713943
0.608645
0.504777
0.402183
0.30066
0.199967
0.0998398
0
8
7.55605
7.1184
6.69286
6.28436
5.89672
5.53262
5.19376
4.88095
4.5944
4.33388
4.09887
3.88868
3.70243
3.53912
3.39744
3.27579
3.17216
3.08411
3.00885
2.94322
2.88378
2.82701
2.76979
2.70952
2.6441
2.57219
2.49324
2.40697
2.31324
2.21223
2.10446
1.9908
1.87241
1.75059
1.62664
1.50176
1.37695
1.25302
1.13051
1.00979
0.891062
0.774358
0.659616
0.546682
0.435335
0.325307
0.216296
0.107974
0
8
7.5853
7.17564
6.77574
6.38974
6.02098
5.67205
5.34477
5.04032
4.75939
4.50234
4.26929
4.06021
3.87492
3.71302
3.57378
3.45593
3.3576
3.2763
3.20896
3.15201
3.10123
3.05201
3.0006
2.94393
2.87947
2.80571
2.72284
2.63085
2.52949
2.41898
2.29997
2.17367
2.04169
1.9058
1.76775
1.6291
1.49107
1.3546
1.22028
1.08848
0.959329
0.832812
0.70878
0.586999
0.467167
0.348938
0.231935
0.115759
0
8
7.6095
7.22312
6.84474
6.47785
6.12542
5.78984
5.47296
5.17617
4.90051
4.6468
4.41574
4.20795
4.024
3.86428
3.72872
3.61654
3.52603
3.45453
3.39867
3.35462
3.31715
3.27919
3.23665
3.18615
3.12415
3.04834
2.96155
2.8641
2.75491
2.63421
2.50278
2.36224
2.21487
2.06316
1.90948
1.75581
1.60364
1.45402
1.30754
1.16451
1.02497
0.88878
0.755694
0.625366
0.497396
0.371343
0.246747
0.123128
0
8
7.62959
7.26259
6.90224
6.55152
6.21302
5.88893
5.58105
5.29089
5.01969
4.76863
4.5389
4.33184
4.14887
3.99138
3.86028
3.75548
3.67545
3.61713
3.57658
3.55064
3.53355
3.51096
3.48068
3.43985
3.38264
3.30195
3.21091
3.10909
2.99184
2.86018
2.71468
2.55764
2.39239
2.2225
2.05119
1.88101
1.71368
1.55028
1.39136
1.23705
1.08724
0.941647
0.799851
0.661377
0.525706
0.392293
0.260582
0.130006
0
8
7.64628
7.29541
6.95012
6.61296
6.2862
5.97179
5.67145
5.38663
5.11872
4.86911
4.63941
4.43163
4.24826
4.09208
3.96554
3.86964
3.80315
3.76196
3.73989
3.7378
3.75544
3.75041
3.73526
3.70993
3.66462
3.5659
3.47106
3.36951
3.24318
3.09998
2.93813
2.76126
2.57454
2.38324
2.1918
2.00334
1.81978
1.64208
1.47055
1.30509
1.14532
0.990714
0.840684
0.694584
0.551757
0.411542
0.27328
0.136316
0
8
7.66011
7.32263
6.98988
6.66402
6.34701
6.0406
5.7463
5.46548
5.19946
4.94968
4.71801
4.50703
4.32045
4.16314
4.04018
3.9544
3.90554
3.88768
3.8832
3.90525
4
4
4
4
4
3.82596
3.73793
3.65471
3.5114
3.35842
3.1766
2.97475
2.76125
2.54414
2.32942
2.12078
1.92002
1.7277
1.54369
1.36744
1.19821
1.03521
0.877587
0.724519
0.575197
0.428838
0.284679
0.141977
0
8
7.67154
7.34513
7.02274
6.70622
6.39724
6.0973
5.80768
5.52953
5.26395
5.01216
4.77591
4.55801
4.36336
4.19985
4.07762
4.00224
3.97695
4
4
4
4
4
4
4
4
4
4
4
3.78927
3.6457
3.43511
3.19987
2.95159
2.70262
2.46097
2.23035
2.01181
1.80503
1.60906
1.42275
1.2449
1.07432
0.909936
0.750707
0.595675
0.443934
0.294623
0.146914
0
8
7.68093
7.36361
7.04973
6.74086
6.43844
6.14367
5.85759
5.58102
5.31463
5.0591
4.81544
4.58576
4.37515
4.19527
4.06822
4
4
4
4
4
4
4
4
4
4
4
4
4
4
4
3.71828
3.43802
3.14263
2.85379
2.58148
2.32784
2.09185
1.87153
1.66478
1.46962
1.28429
1.10725
0.937127
0.772699
0.612861
0.456599
0.302964
0.151054
0
8
7.68857
7.37865
7.0717
6.76908
6.47197
6.18136
5.89799
5.62232
5.35446
5.09419
4.84098
4.59446
4.35618
4.13786
4
4
4
4
4
4
4
4
4
4
4
4
4
4
4
4
4
3.69129
3.32712
2.98844
2.68333
2.40767
2.15621
1.92448
1.70891
1.50665
1.3154
1.13326
0.958621
0.790099
0.626473
0.466638
0.309579
0.154339
0
8
7.6947
7.39072
7.08936
6.79178
6.49899
6.2118
5.9307
5.6558
5.3867
5.1222
4.85985
4.5949
4.31727
4
4
4
4
4
4
4
4
4
4
4
4
4
4
4
4
4
4
4
3.48614
3.0895
2.75573
2.4633
2.20083
1.96127
1.73973
1.53268
1.33741
1.15177
0.973998
0.802605
0.636292
0.473901
0.314376
0.156724
0
8
7.69949
7.40018
7.10323
6.80968
6.52043
6.23615
5.95719
5.6835
5.41435
5.14806
4.88131
4.60802
4.318
4
4
4
4
4
4
4
4
4
4
4
4
4
4
4
4
4
4
4
3.52795
3.12768
2.78681
2.48895
2.22257
1.98002
1.75606
1.54692
1.34978
1.16241
0.982998
0.810031
0.642188
0.4783
0.317297
0.158182
0
8
7.70308
7.40729
7.11369
6.82329
6.5369
6.25517
5.97843
5.70664
5.43914
5.17439
4.90932
4.63785
4.3467
4
4
4
4
4
4
4
4
4
4
4
4
4
4
4
4
4
4
4
3.49799
3.10646
2.77487
2.48312
2.22048
1.98019
1.75756
1.54917
1.35238
1.16508
0.985556
0.812331
0.644131
0.479813
0.318332
0.158707
0
8
7.70555
7.41219
7.12097
6.83287
6.54872
6.2692
5.99474
5.72548
5.46117
5.20104
4.94374
4.68737
4.43096
4.18231
4
4
4
4
4
4
4
4
4
4
4
4
4
4
4
4
4
3.70989
3.35756
3.02528
2.7231
2.44817
2.19604
1.96268
1.74483
1.53982
1.34548
1.15999
0.981811
0.809607
0.642192
0.47849
0.31751
0.158313
0
8
7.70692
7.41495
7.12514
6.83849
6.55591
6.27816
6.00584
5.73937
5.47901
5.22488
4.9772
4.73694
4.50746
4.29827
4.12898
4
4
4
4
4
4
4
4
4
4
4
4
4
4
4
3.74528
3.48198
3.19709
2.91401
2.64407
2.39044
2.15281
1.92968
1.71926
1.51981
1.32973
1.14758
0.972092
0.802095
0.636539
0.474447
0.314903
0.157036
0
8
7.7072
7.41554
7.12614
6.84006
6.55828
6.28169
6.01108
5.74717
5.49063
5.24227
5.00325
4.77571
4.56369
4.37432
4.21766
4.10141
4.04118
4
4
4
4
4
4
4
4
4
4
4
3.82241
3.69392
3.49916
3.27566
3.03481
2.78958
2.54874
2.31671
2.09509
1.88397
1.68273
1.49043
1.30604
1.12853
0.956877
0.790143
0.627421
0.467854
0.31062
0.154927
0
8
7.70633
7.41388
7.12383
6.83732
6.55545
6.27923
6.00963
5.74758
5.49408
5.2503
5.01782
4.79897
4.59727
4.41766
4.26592
4.1468
4.0633
4.00647
3.97745
3.96959
4
4
4
4
4
3.86987
3.79756
3.72377
3.59572
3.45411
3.28178
3.08667
2.87693
2.66076
2.44461
2.23257
2.02685
1.82837
1.63724
1.45314
1.27548
1.1036
0.936748
0.774179
0.615149
0.458928
0.304797
0.152053
0
8
7.70426
7.40982
7.11797
6.82995
6.54697
6.27016
6.00062
5.73945
5.48782
5.24704
5.01875
4.80508
4.60876
4.43313
4.28157
4.15657
4.05875
3.98512
3.93373
3.90091
3.88396
3.86323
3.83972
3.81044
3.76662
3.68191
3.59659
3.50181
3.38259
3.24501
3.08717
2.91233
2.72547
2.53194
2.33635
2.1421
1.95139
1.76543
1.58474
1.40939
1.23916
1.07364
0.912335
0.754675
0.600069
0.44791
0.297588
0.148488
0
8
7.70087
7.40316
7.10827
6.81756
6.53232
6.25381
5.98324
5.72179
5.4707
5.23128
5.00507
4.79382
4.59958
4.42453
4.27065
4.13916
4.03002
3.94155
3.87145
3.81635
3.77169
3.72925
3.6852
3.63544
3.57412
3.49457
3.40509
3.30429
3.18784
3.05617
2.90955
2.75
2.58068
2.40516
2.22674
2.04811
1.87118
1.69721
1.52689
1.36053
1.19812
1.03947
0.884275
0.732116
0.582541
0.435057
0.289155
0.144312
0
8
7.69607
7.39369
7.0944
6.79968
6.51094
6.22953
5.95673
5.69377
5.44189
5.20234
4.97642
4.76556
4.5712
4.39476
4.23733
4.09941
3.98062
3.87959
3.79416
3.72134
3.65722
3.59688
3.53639
3.47198
3.39987
3.31716
3.22489
3.12242
3.00829
2.88228
2.74488
2.59745
2.4421
2.28128
2.11736
1.9524
1.78801
1.62533
1.4651
1.30771
1.15331
1.00186
0.853174
0.706975
0.562921
0.420622
0.279663
0.139605
0
8
7.68971
7.38114
7.07596
6.77582
6.48223
6.19663
5.92037
5.65469
5.40077
5.15974
4.93272
4.72078
4.52492
4.34598
4.1845
4.04052
3.91346
3.80203
3.70428
3.61764
3.53895
3.46468
3.39148
3.31625
3.2362
3.14931
3.05489
2.95223
2.8406
2.71981
2.59022
2.45281
2.309
2.16049
2.00902
1.85613
1.70314
1.55101
1.40046
1.2519
1.10556
0.961484
0.819586
0.679689
0.541544
0.404849
0.269269
0.134444
0
8
7.68163
7.36518
7.0525
6.7454
6.44552
6.1544
5.87343
5.60384
5.34675
5.10315
4.87395
4.65992
4.46171
4.27974
4.11417
3.96473
3.83068
3.71079
3.60329
3.50598
3.41628
3.3314
3.2486
3.16533
3.07937
2.98899
2.89314
2.79102
2.68207
2.56612
2.4434
2.31456
2.18059
2.04268
1.90208
1.75998
1.61738
1.47513
1.33382
1.19388
1.05555
0.918926
0.783997
0.650652
0.518717
0.387961
0.258121
0.128903
0
8
7.67164
7.34544
7.02348
6.70775
6.40006
6.10203
5.81511
5.54049
5.27923
5.03217
4.8
4.58325
4.38224
4.19711
4.0277
3.87353
3.73375
3.60714
3.4921
3.38671
3.28878
3.19603
3.10619
3.01711
2.92694
2.83416
2.73765
2.63662
2.53054
2.4192
2.30269
2.18144
2.05612
1.92756
1.79666
1.66431
1.53129
1.39829
1.26581
1.13424
1.00382
0.874675
0.746822
0.620207
0.49471
0.370159
0.246349
0.123046
0
8
7.65949
7.32144
6.98823
6.66206
6.34493
6.03857
5.74446
5.4638
5.1975
4.94629
4.71064
4.49082
4.28691
4.09877
3.92599
3.76793
3.62366
3.49193
3.37127
3.25996
3.15611
3.05777
2.963
2.86999
2.77712
2.68305
2.58669
2.48728
2.38428
2.27743
2.16672
2.0524
1.93489
1.81477
1.69269
1.56929
1.44519
1.32092
1.1969
1.07346
0.95083
0.82913
0.708409
0.588644
0.469755
0.351617
0.23407
0.116931
0
8
7.64489
7.29262
6.94593
6.60733
6.27902
5.96287
5.66039
5.37272
5.1007
4.84485
4.60543
4.38249
4.17582
3.98505
3.80957
3.64856
3.501
3.36566
3.2411
3.12575
3.01794
2.91593
2.81806
2.72273
2.62852
2.5342
2.4388
2.34153
2.24188
2.13952
2.03438
1.92654
1.81627
1.70395
1.59003
1.47499
1.35927
1.24329
1.12741
1.01188
0.896902
0.782605
0.66904
0.556205
0.44405
0.332483
0.221384
0.110609
0
8
7.62744
7.25823
6.89555
6.5423
6.20094
5.87349
5.56149
5.26601
4.98773
4.72698
4.48377
4.25787
4.04884
3.85604
3.67866
3.51574
3.36614
3.2286
3.10172
2.98401
2.87395
2.76997
2.67058
2.57435
2.48002
2.38646
2.29275
2.19817
2.10217
2.00441
1.90472
1.80311
1.6997
1.59473
1.4885
1.38135
1.2736
1.16558
1.05755
0.949736
0.842298
0.735347
0.62894
0.523087
0.417755
0.312882
0.208374
0.104122
0
8
7.60664
7.21729
6.83575
6.46538
6.10896
5.76868
5.44606
5.14209
4.85724
4.59156
4.34478
4.11638
3.90562
3.7116
3.53331
3.3696
3.21923
3.08088
2.95316
2.83464
2.72387
2.61942
2.51992
2.42408
2.33074
2.23886
2.14759
2.05622
1.96422
1.87122
1.777
1.68148
1.58469
1.48677
1.3879
1.2883
1.18822
1.08787
0.987485
0.887217
0.787207
0.687547
0.588288
0.489446
0.391003
0.292914
0.195109
0.0975033
0
8
7.58181
7.16855
6.76479
6.3745
6.00085
5.64618
5.31199
4.99906
4.70757
4.43724
4.18743
3.95725
3.74565
3.55145
3.37337
3.21011
3.06029
2.92252
2.7954
2.67751
2.56746
2.46392
2.3656
2.27132
2.17999
2.09066
2.00252
1.9149
1.82727
1.73925
1.65057
1.56111
1.47083
1.37976
1.28802
1.19574
1.10308
1.01022
0.917294
0.824442
0.731767
0.639344
0.547218
0.455406
0.363898
0.272662
0.181645
0.0907826
0
8
7.55207
7.1103
6.68035
6.26697
5.87377
5.50321
5.15666
4.83459
4.53675
4.2624
4.01044
3.77955
3.56829
3.37516
3.19863
3.03718
2.8893
2.75352
2.6284
2.51253
2.40456
2.3032
2.20725
2.1156
2.02724
1.94127
1.85693
1.77359
1.69071
1.60792
1.52494
1.44157
1.35774
1.27343
1.18867
1.10355
1.01816
0.932622
0.847032
0.76149
0.676074
0.590843
0.505834
0.421063
0.336522
0.252189
0.168026
0.0839821
0
8
7.51616
7.04024
6.57935
6.13926
5.72405
5.33623
4.97685
4.64588
4.34244
4.06517
3.81238
3.58222
3.37281
3.18227
3.0088
2.85067
2.70621
2.57387
2.45216
2.33965
2.23504
2.13707
2.04461
1.9566
1.87209
1.79025
1.71036
1.6318
1.55408
1.4768
1.39967
1.32249
1.24513
1.16754
1.08969
1.01163
0.933399
0.855074
0.776722
0.698411
0.620196
0.542121
0.464214
0.386488
0.308938
0.231548
0.154288
0.07712
0
8
7.47235
6.95514
6.45757
5.98664
5.54695
5.1408
4.76865
4.42962
4.12197
3.84347
3.59169
3.36415
3.15844
2.97231
2.80364
2.65048
2.51102
2.3836
2.2667
2.15889
2.05887
1.96545
1.87751
1.79409
1.71427
1.63729
1.56245
1.48918
1.417
1.34553
1.27447
1.20359
1.13277
1.06189
0.990929
0.919869
0.848732
0.777553
0.706373
0.635235
0.564177
0.49323
0.422414
0.351736
0.281194
0.210775
0.140457
0.0702101
0
8
7.41808
6.85042
6.30913
5.8028
5.33632
4.91138
4.52733
4.18198
3.87234
3.59505
3.34675
3.12423
2.92451
2.7449
2.58297
2.43658
2.30377
2.18282
2.07214
1.97033
1.87611
1.78832
1.70592
1.62796
1.55363
1.48217
1.41297
1.34546
1.27921
1.21385
1.14907
1.08465
1.02045
0.956339
0.892263
0.828188
0.764107
0.700032
0.635981
0.571979
0.508049
0.44421
0.380474
0.316848
0.253328
0.189903
0.126555
0.0632635
0
8
7.34954
6.71934
6.12572
5.5791
5.08413
4.64107
4.24729
3.89864
3.59035
3.31765
3.07605
2.86151
2.67046
2.49979
2.34678
2.2091
2.08468
1.97175
1.86872
1.77419
1.68692
1.60581
1.52987
1.45822
1.3901
1.32481
1.26178
1.2005
1.14055
1.08157
1.0233
0.965506
0.908029
0.850752
0.793596
0.736512
0.679478
0.622486
0.56554
0.508651
0.451829
0.395085
0.338426
0.281854
0.225366
0.168952
0.112599
0.0562882
0
8
7.26073
6.55168
5.89533
5.30374
4.78005
4.32148
3.92214
3.57493
3.27278
3.00914
2.77828
2.5753
2.39604
2.23701
2.09527
1.96834
1.85411
1.75078
1.65679
1.57078
1.49157
1.41813
1.34953
1.28496
1.22372
1.1652
1.10884
1.05421
1.0009
0.948602
0.897051
0.846041
0.795412
0.745045
0.694855
0.644787
0.594806
0.544894
0.495044
0.445255
0.395531
0.345876
0.296291
0.246777
0.197329
0.14794
0.098599
0.0492909
0
8
7.1417
6.33132
5.60018
4.96048
4.41083
3.94267
3.54484
3.20618
2.91668
2.66784
2.45264
2.26537
2.10139
1.95694
1.82895
1.71488
1.61264
1.52047
1.43687
1.36057
1.29047
1.22561
1.16515
1.10837
1.05464
1.00341
0.954191
0.906585
0.860245
0.814883
0.770263
0.726196
0.682533
0.63916
0.595994
0.552975
0.510066
0.46724
0.424485
0.381794
0.339164
0.296595
0.254086
0.211633
0.169234
0.126882
0.0845659
0.0422763
0
8
6.97473
6.03173
5.21358
4.52717
3.96014
3.49353
3.10838
2.78827
2.51993
2.29291
2.09908
1.93215
1.78721
1.66042
1.5487
1.44959
1.36111
1.28159
1.20966
1.14417
1.08412
1.02867
0.977091
0.928739
0.883068
0.8396
0.797927
0.757697
0.718611
0.680422
0.642923
0.605947
0.569363
0.533068
0.496984
0.461055
0.425241
0.389516
0.353863
0.318272
0.282737
0.247255
0.211823
0.176437
0.141093
0.105785
0.0705068
0.0352483
0
8
6.72551
5.60728
4.69524
3.97447
3.40902
2.96293
2.60686
2.3186
2.08187
1.88477
1.71861
1.57693
1.4549
1.34882
1.25583
1.17369
1.1006
1.03511
0.976017
0.92232
0.873179
0.827877
0.785802
0.746424
0.709287
0.673999
0.640221
0.607663
0.576082
0.54527
0.515058
0.485307
0.455905
0.426765
0.39782
0.369019
0.340328
0.31172
0.283179
0.254694
0.226257
0.197865
0.169513
0.141198
0.112915
0.0846606
0.0564277
0.02821
0
8
6.32004
4.97664
3.98563
3.26645
2.73853
2.34233
2.03753
1.79741
1.60416
1.44571
1.31366
1.20207
1.10663
1.02412
0.952116
0.888738
0.832507
0.782241
0.736975
0.695914
0.658395
0.623854
0.591815
0.561867
0.533659
0.506888
0.481293
0.456654
0.432782
0.409519
0.386734
0.364318
0.342185
0.320267
0.29851
0.276875
0.255331
0.233857
0.212439
0.191067
0.169734
0.148435
0.127167
0.105926
0.08471
0.0635137
0.0423334
0.0211639
0
8
5.57802
3.99361
3.0042
2.36717
1.93633
1.63032
1.40351
1.22934
1.09167
0.980229
0.888245
0.811072
0.745426
0.68892
0.639775
0.596636
0.558446
0.524368
0.493727
0.465968
0.440631
0.41733
0.395737
0.375571
0.356594
0.338599
0.321411
0.304878
0.288874
0.27329
0.258039
0.243045
0.228251
0.213608
0.19908
0.184638
0.170263
0.155938
0.141653
0.127401
0.113176
0.098974
0.0847933
0.0706308
0.0564843
0.0423511
0.0282281
0.0141123
0
8
3.9984
2.4156
1.67038
1.26171
1.00929
0.839115
0.716852
0.624783
0.552937
0.495297
0.448021
0.408544
0.375082
0.346358
0.321429
0.299584
0.280272
0.263059
0.247596
0.233599
0.220832
0.209098
0.19823
0.188087
0.178546
0.169504
0.160872
0.152574
0.144544
0.13673
0.129086
0.121574
0.114165
0.106834
0.0995625
0.0923364
0.0851447
0.0779795
0.070835
0.0637074
0.0565938
0.0494923
0.0424012
0.0353194
0.0282454
0.0211781
0.0141158
0.00705702
0
